,C,C#,D,D#,E,F,F#,G,G#,A,A#,B
678,23.406939591582457,47.771948642824654,38.37077556131917,14.175433035570917,35.41319330006447,70.50833174993798,138.59000330825776,73.3558493693502,29.309123292698217,23.92056513536849,36.05820177770596,13.944337798522792
679,26.097752931511703,87.80021666451414,29.884722095036597,12.278095657067636,28.91723885836503,51.021655411866014,135.3148362691769,73.01223968259299,49.39745787725374,46.27872875319024,29.847748520438024,13.13860010634224
680,27.29124778050509,120.15289689675564,41.479406825966734,16.10742220184997,23.14661790079493,49.98460666447649,130.29094220596434,105.63926914543462,50.01362392275663,50.3587776865029,44.117214391014414,19.494680038158663
681,36.02599480932236,89.78955357708358,44.25490511213221,22.5929422857991,30.862745098545247,61.71372402750884,119.95880780795196,119.67970164980945,55.904860369263936,55.79164888844448,32.16105981263003,39.473039143402886
682,30.134445042245112,102.8859527309473,42.18904746869408,18.77505908153176,44.50388580331553,48.72109980841174,97.5360734553304,75.30228141093308,44.11276794621656,59.02287756731858,39.00398516236767,34.58127611488863
683,29.32652731740193,86.31589393989715,34.164095117814504,17.267040176861318,29.35978419661264,31.49495314142275,57.429633042552496,40.31798406789389,55.04756910459693,45.9723676736533,25.22779483134068,31.25798632210683
684,25.58865074230212,65.10292770559147,26.579289123728056,15.918306383957669,27.995556986325592,27.108939192257687,63.5343284745064,28.025028104773327,49.05871429606508,36.58733320331027,20.009811275443905,15.604056435985658
685,43.246377689799765,61.18940752172527,32.589199675585384,17.259690198892393,36.808345962407806,85.46721669003841,99.82194181026256,44.69427686977384,46.946932875656245,37.40027700468897,18.24801914513793,18.88252443698281
686,66.5021121150288,57.066504731139325,26.81270418345944,15.670034775280577,28.329109688018008,91.3137157756796,64.95021984978499,34.830073429168365,24.00292878192771,28.90316221161913,16.18651568053503,20.860124718627635
687,60.38591070088329,44.191762620059215,39.5128945786004,10.50757334347646,28.23996624864356,83.62684165781863,70.64810166068159,46.27479107720286,22.676742480061552,33.82370404262431,25.90006176283018,19.116800868110605
688,66.30214603419175,74.08001583666268,29.7254364871322,12.011882552160785,19.607147854006577,65.07764048205163,86.74804468516726,62.97288837640672,30.84162767553672,48.9795438634248,20.04129018700173,27.50825173323178
689,39.04448924982725,71.01320409024676,43.819720051755446,13.550437457041056,22.893433905267383,60.281373401803535,56.4001595949919,31.38631756992724,39.447844725512105,48.61826440623761,20.674495100397092,13.053385673828004
690,46.257593976540974,67.0426556048517,44.79726954418752,20.1919964666502,34.57328566886512,95.21683801749764,79.89261152838108,35.3828452504587,24.23556068799564,48.1820862381143,21.11505188875669,22.13495250578333
691,35.17118726782669,76.5277483449444,44.91650738674789,14.883330974958389,32.7542914410999,92.8098247116632,67.79968950136937,23.842230986345523,16.81692925509153,41.05641570660941,14.450179704462863,19.033683060335488
692,23.83154565983381,52.23161917941665,54.212823846090046,10.639305735506529,78.56192826303312,85.22825322734492,49.75334895375792,23.66892962380325,26.569416113433928,31.07088369658064,15.524900677902796,15.927294677012492
693,29.482215609153847,100.1715432357384,139.8041837378498,16.32725269587462,78.23366091020337,35.50110416378976,41.59954118664087,23.242012876869083,23.94776834273789,50.41671628820897,14.674650823650111,17.483712916663716
694,24.64149179317764,86.0429440077286,119.54593194113792,11.645775427635431,56.496801334391535,24.03595172546405,31.22167508558132,19.40081718070443,13.98326731228189,62.47776192874404,22.061892597822222,21.336891191959246
695,20.64683079040597,57.06833966543336,77.62802080893266,10.709954380716756,23.10218668663256,38.60198724606423,20.589485613400807,23.196250782319645,16.267150723235133,35.27009465952843,28.98441079462924,15.593625372358122
696,19.7740388884112,50.01765593984636,50.713972145187576,11.299143785441464,45.0837933554774,50.25432678616323,33.543926271187885,43.69654453987455,22.882328344196768,39.14956329294033,26.930517528111324,17.50205826484516
697,17.482291117224513,60.594677389819374,88.43151130369256,17.292551133023697,38.228780154057446,35.40878029528596,23.743833019612687,34.596734331230664,21.56003163786765,46.50079309889547,29.398570072624583,20.15909778338317
698,13.281906957752309,56.92431552898005,93.45627880971618,22.586665431551623,49.850381511729296,33.677094411987824,33.374660560565914,37.20343050024447,26.41799318699528,34.41238574364185,29.47113089541368,14.49374430289685
699,12.588224429846171,74.73765196985606,123.25815942523316,17.61925421041968,37.40781166419718,29.862695301312687,34.6144413357808,33.2883626813795,23.294258366143083,45.7478182512846,23.78384319233193,14.43775080079462
700,33.124860686973655,73.51738092914381,37.91110193906647,10.78420559768218,23.796609581427823,38.92454124985141,43.8702621779269,31.912632715276835,27.091764016501056,37.80112319027359,35.6162727231096,17.84973289513679
701,45.1149715103185,79.10486702464338,38.98579010098,12.595035125811982,30.805349028869852,40.64214699988471,61.660598497013886,34.96656292479929,22.65363322825936,45.06104425191017,42.78126335958586,15.668029294189564
702,36.71698361146856,81.27802209374347,48.1620347200028,10.27580996465117,27.1912237587164,29.041018442442205,51.848266162782,28.123562881301886,31.91223204305881,47.974654099761565,41.11312878386244,13.947078718642771
703,26.877838542106684,91.65736930817576,58.67480778545423,15.43322309428899,24.18663497574269,31.907032958586143,53.62800462663156,22.81860106322512,34.60940097317987,43.19886772331988,33.49343113009647,16.530778372984084
704,15.571276594368648,69.8992940792479,76.71443474192955,8.317577530911132,31.37497440749672,36.626053777695965,63.92050691997387,50.98288956177511,39.24813796491993,41.34031866863292,20.40837916222132,11.862224375562082
705,17.884891055469083,52.5564874708092,48.17987992324424,11.032194871952768,20.013856314283007,47.32761263725882,98.34576225506632,70.84703676508116,35.53232115923581,42.64426330665091,26.24902551469897,13.80149173843784
706,20.16490275850275,52.4333389163784,36.45096053445678,12.069609429227512,20.33133059047862,54.77656304368617,73.84424230578114,69.78902011777308,47.91714111755363,48.15123948464091,22.38338220688132,13.747115126827207
707,13.81339923409298,44.45753685428959,36.77996729297093,9.908291620789274,15.37687346421894,43.60439079173112,78.82777810524014,64.46781270903257,49.073149203211024,49.47734673580378,24.272125005555903,12.72478733848321
708,15.446483419543847,55.38991763824406,37.49838348809919,9.814195277355086,20.162130926151512,38.48670560291643,80.67318663182574,47.74022973357718,37.4016137440597,55.79523925115014,19.997239726894147,12.712562685068567
709,15.41124025273064,48.86153920020055,34.07690320896971,11.787700544341904,29.172734470769203,28.96856782102788,84.92857729479691,34.765043847898966,47.520652229545135,71.27532685088957,30.57024819490777,16.144173776803704
710,17.59156698374187,42.50071254132548,26.10849853702108,11.090862395512726,31.179042814457937,28.88921686599408,61.38648879416648,26.426072729409547,43.08233620340189,62.95319220367947,26.914170275069704,11.443327537648964
711,18.57897144973916,43.56210816465883,27.09174534047637,10.742589629678722,32.27334587828137,30.822566991302647,59.3909907696965,19.55015222865939,28.22500455718569,53.14763282836089,28.66693465851008,11.278534989095837
712,22.282207099314547,37.9259351063978,21.324352669803936,12.338055594666752,17.522996357553975,37.02328939201685,48.49509269176389,34.82535010021635,33.58370959512894,56.57818358185189,35.18251377119678,7.947642735688983
713,20.49312140344444,73.29446392532826,22.8314725692946,22.17022956274008,24.12008538637,42.80300053464212,151.17453253724435,69.48734190028972,43.004239932799216,67.15785353313531,51.65809590999701,18.26323833231041
714,29.358186179823512,69.07844144626131,24.78692924810113,44.55187261729537,24.18369442174864,44.23257832409132,167.43798879300883,84.38103566282966,70.55454719918427,102.62160010190166,45.98236717513897,26.436721167298035
715,32.4727375684983,63.45528267584108,23.234418027927912,25.859523976062103,31.51453457259675,60.421174495184125,164.27269051944933,77.42767883733833,92.59289896317487,116.25922566722132,48.37633514114046,23.995970839907844
716,26.633118211727112,79.98411736676118,27.37486750881878,32.61766383263235,31.455348096770592,44.47777776369784,166.79930083888937,67.59687678463122,101.95400518661587,114.85404316751328,49.83333112026856,16.719467237894992
717,33.03789730475667,96.1239702004752,33.8994426330803,27.447640128929997,60.84401864074785,53.91175440898759,125.58011892183262,53.13907518975088,97.23074504914904,105.48951161777636,78.76391929893711,12.893894273660209
718,31.45884206197056,95.33970630271352,30.20804864121148,31.54359800666609,55.79289229719903,50.47489603750009,138.57247858383755,51.88349204193405,55.56683388332769,93.92549198342952,72.81230546615414,10.061309863251395
719,35.16968244123802,88.41438231148025,25.49443265032328,25.95737598825608,53.012920582874415,49.26408315148377,86.83744159541166,45.35014766634136,46.10809426512871,87.77783886525715,44.89966055431211,10.763935443128103
720,25.24198627094067,75.45172646481333,30.07149452644896,18.098194809929783,48.22958248606581,61.227617109662525,71.63879669051919,40.157731746383824,45.09698564619775,84.14565975599089,41.582383145154665,12.30276777393754
721,32.03634349830537,79.04735122298592,30.539494227303432,16.699220163815642,24.53421470713569,75.04094458333192,105.61941969552592,49.18145923078342,33.290074550972925,61.64609884135404,31.5591575679841,14.73211322571838
722,30.54910480260872,75.91616487253009,46.00222731653366,22.731084111808663,22.97505536205581,36.571418555697925,94.74285654184796,83.32392028370599,33.49484405906316,89.65690820071377,24.380897587155864,29.51076119839233
723,29.55093286504948,71.48488499734663,36.50359268602054,20.23445541839393,22.71943300276202,37.88072963504365,73.81212886836286,73.01344114276324,43.47904342859213,82.17788877139392,24.503162037863408,29.815179683637385
724,26.49572316528728,59.806716511468046,30.381361644344448,19.470975423939716,27.82001376408187,53.97321088229852,57.32578375115401,42.038559794150814,43.79923454281284,63.75767496442816,32.065370203869485,23.78419699895925
725,34.98604357782324,61.26572845517431,31.599438178523453,12.8967359579427,35.992961786986946,53.05664552536823,57.73134329204452,44.34561656558623,27.917486798124127,59.3761591379111,29.323470272181368,14.739187634243788
726,31.14267959549577,49.9378798557088,22.421663532967784,15.778843235021672,35.87407245218159,42.83623367268965,82.5388170602551,47.65759335952242,16.207968922758162,65.52670960399932,40.536677348263936,18.60022908949111
727,33.11023478242701,54.6017069661094,23.8892845262643,14.703697500699192,30.437202970467325,24.31780298172636,61.82379548585791,31.860194046021636,16.81662732669851,45.692800438672045,26.0146924836182,9.449978522811406
728,29.72862659535572,65.04830608499435,25.83106453927383,12.142578155758953,28.032151173427486,21.3282057852076,57.792394584111335,24.897814715920493,20.153342589596896,43.6069828239929,28.04468575950139,11.081034552843178
729,30.13264409133241,49.718972532466616,17.270257312065993,10.662640005387832,24.79830411632524,26.77796570189537,33.68190964092268,28.4168253593727,20.55351062523812,38.13919022383492,40.024433608363005,8.208636727876046
730,28.01028697072221,90.24710823042392,28.2911328015302,18.87472223031526,33.36123551605765,65.59139743379588,105.71180890272136,73.07803176830934,32.638535116817955,40.584302315092216,48.63025372107892,8.93242922269819
731,32.71688280537588,75.81851679430751,44.03412518808226,29.018284195458364,46.78864954450332,64.26873479344425,124.89088325042428,68.07517122933547,68.77673214367019,45.59470146836143,116.54300665668148,9.228973747619916
732,31.12118771758987,96.550221703082,46.610499783282506,31.65351223812348,47.52277326704727,63.2747025981113,118.13456530312386,65.29488234697881,79.06752210461961,50.05391440440651,99.38376267121144,9.20086107044067
733,41.06235501239115,134.79391116445515,37.70164820518716,40.15533416545976,58.52031701289206,59.022189667405065,115.54579933835544,56.54493771738423,74.57248551821854,44.43812912365578,79.4285576616292,16.739803023360228
734,33.113154957851144,85.55170654660627,30.851348528585376,32.26063885040592,58.45641974541942,34.98391755247437,135.86400707085994,45.87665158089293,52.543298866091305,65.14405129339048,115.73591939560856,12.532355899125845
735,41.45051623684476,75.98335357806701,19.2109968771951,39.26871829734738,62.35550890817026,47.46487465866517,136.60732429937585,50.796466668354526,46.89380328320584,70.45660911170337,96.88135646198828,15.69881770973988
736,31.089776786264984,78.78792623052098,17.839884456801887,28.802748158052697,45.912800515355016,45.18420130295462,124.70850180096772,50.301530399762704,52.279368447478845,71.37283643934374,74.52218500211107,13.827119992639547
737,35.831205554576535,83.5234375806239,13.811560358160996,31.116838845463867,51.1530083573116,27.20672506483641,139.64802715073856,52.69112041056648,58.764294010039166,77.33619700807331,60.008165719020205,22.9083272710854
738,23.74097927474085,38.55626231467454,20.9698794345766,18.55857068306412,28.660061025370315,33.172717028975114,69.50920946635354,28.9246593697896,31.42420605635307,32.311648463106806,56.810509970933246,12.596578939117611
739,23.719535315457303,43.2223436761049,19.49537375155325,13.420342214930448,19.998630489935472,34.155160564980484,39.41119134815983,40.71570653607778,25.062808255571586,36.55193932920605,50.38380975947285,13.86267626759198
740,25.60859286860464,54.73702659665015,32.04752074637283,15.767487798051617,14.62714649176508,34.97746913873516,30.102865815491665,49.85969681091223,36.19703024352441,45.34035309615088,43.88587695075242,16.786991361415257
741,24.75356374572324,57.65680331130176,25.142707844722803,15.04748904289887,15.03789023944712,28.63003266943551,34.07318924286005,43.603440949645325,36.65802479000826,38.324449362255976,41.01878697974834,21.06483961476526
742,25.383817058586608,39.51191300947548,25.071227356726467,17.420918005629712,14.676135067412016,28.73480608706785,30.735671895336253,41.53797354457223,26.506025204685585,40.72853462042576,39.99280450384535,33.84891563245396
743,23.484242203822674,40.33460058664603,20.750167396316886,16.682883102923288,16.216694146283825,30.72419918177787,24.187230523877588,34.83692784049373,35.15588321441618,37.69908185118867,25.512544670515524,24.884263458329848
744,22.439948375232955,46.97229742555674,21.317165870053223,14.986479733340076,13.357457759600038,26.69582122891696,18.76991337343297,21.006622871041092,27.44505809255997,27.36278052301179,28.682460344792528,24.335294170648567
745,19.34433850064465,50.68657299175552,23.06419245923089,15.377767374097846,16.827782588447757,33.10921616308326,20.81415648809224,27.53633599974635,29.04976428152723,30.472820392833512,26.648138289555472,29.07929457707312
2966,36.62770477499984,47.50080378949992,39.93233365598403,20.550533478997057,30.91182412966037,38.046740712293456,82.3285155222294,41.314279853366266,31.40696705155247,38.119628022557,42.212117644687495,15.83635176909234
2967,45.34298523298118,96.16550702777124,32.976866528697585,28.324425041745943,43.13513407712936,43.19422268845388,170.66730623491523,63.84283258981483,39.73442874378004,54.6478161194332,48.15351851929422,20.86475258905802
2968,46.4787915619825,86.60895405307741,29.36140186708299,34.610816677106065,36.940629194573326,45.36977232497984,213.0716435444321,60.67966916499751,64.36941772908399,80.37820803827813,76.59542383948785,25.02988817585708
2969,47.8887443669942,94.6472546781723,31.94576874789736,32.02695779877152,27.88574500749607,40.57924465385152,219.3471870246383,58.21064958026328,72.02058729740587,91.1694319057484,67.02334755378642,23.098781023938443
2970,53.66429956875108,120.7156678920535,39.338396864017696,43.72367332690334,31.91290520310073,42.70005839533673,151.87189812546512,45.37788965138242,51.75597196300444,96.27068587784696,40.73526799341551,22.5741283394624
2971,64.94840062483182,142.50921935439925,51.08718943181716,38.28775211786996,34.86997704409248,41.952631328347486,117.55405132619056,38.47216154892197,42.77916711103808,80.32056789058004,29.874886999162708,17.63800660574604
2972,52.29631444533393,152.8806350485866,51.90230937000671,27.3729595589446,49.24046939832541,51.62571531491347,79.34631039779212,32.82903894629147,58.576857753030936,64.53748706216263,47.32065496675754,18.92256047582713
2973,60.29684925783686,116.61906723715306,43.88445492082259,26.70994028179396,28.801074321120307,46.38905795733302,110.1814802501309,30.35347390962473,43.04677969566049,46.86054683887296,46.560188914198,23.432564232482747
2974,41.08750299716026,92.5195679684504,53.787135907443535,20.29469644577873,24.74143771096588,39.16370077038169,87.57679126876654,39.25709852865736,57.5694246224304,57.06935997799542,52.65968314777809,16.6613576167465
2975,60.13282529832839,83.56117464107838,43.14354519557487,21.1938562425955,20.922967922347496,56.73009616367771,129.78427713999736,76.28026755859895,34.05948903062461,36.76940461092217,25.207189970524126,21.6105059567482
2976,68.89798196628912,94.8001764515599,33.55634165224401,19.9453705152012,38.10850974515933,71.54355630116987,118.16555531745284,79.88534720418917,43.91044180905769,49.02243452807883,32.17816719319411,19.84120877280992
2977,70.88500332872258,92.32977794061772,48.32915166418109,25.497736574175207,29.79825677254315,69.16464629311083,81.94568820000345,52.63692073426281,40.94938334823318,56.35153656604969,53.55186039316943,27.146848798512003
2978,66.94182075304883,125.59447363837349,57.08760573423758,23.292276472530467,28.65500928804122,88.97068516666799,95.62430020638408,47.91254480850731,32.61889612660363,46.329836331547696,29.62978908940916,32.959265953059514
2979,46.67382075179123,127.92854635150567,57.36123152364231,24.06278746579329,49.24964111728855,67.16763524469297,63.22873085813726,41.2847630841496,46.47511549421388,54.37993060533574,26.94916327259053,37.51451446002351
2980,43.4704727860927,126.45136099661102,54.65663933027042,24.95653162192864,52.37957748143396,40.49300747335683,59.48204188760545,33.805489101199804,39.623054094385424,49.57607611129622,34.68911671912184,32.452338585865434
2981,41.54319911642304,89.06550350197709,74.93616182523665,29.18757658753528,42.90826726092401,27.760442909940075,67.07164522543043,31.923996250240776,49.92410935039368,89.4296507144451,35.43230694458767,31.122476388603296
2982,65.90445319125493,139.76695637318522,86.03634053801122,29.41374252897895,30.12380965603833,45.31102747984144,62.11400728970315,46.1556906748241,45.94884102556355,92.99934742158736,30.645083293324287,25.98125448031541
2983,40.19712027740914,50.84177045098265,67.75779590783225,19.31033439832809,34.78577350422327,39.93644408687248,66.91196346055222,77.10834123793441,44.88947621712752,54.706221458324464,33.52056203806387,35.3762207146352
2984,50.48606203823051,130.22438752736363,97.93216771382296,24.909630039916625,45.73655634735972,39.17615633172858,73.66906145753134,61.65594712119012,36.2127483944148,55.31037651691449,30.546385291385,37.041522313445874
2985,52.29570061743992,96.77679908941448,91.8968375036412,29.70159597061036,28.770656439809063,49.09080053895617,90.33498844178544,56.3296974282492,41.85135211854603,46.821620440861096,37.52614978301095,37.47345931446609
2986,49.54382989005335,135.9145943648536,145.12174866648903,22.500542442729856,36.31731122439952,40.27468997051896,86.97287933700653,45.58620678926465,42.92769096005856,41.09315236331052,28.362145579559105,39.843101899073886
2987,45.98709202180109,130.87373297514108,125.9361073401258,36.9586394804469,47.858571598239166,49.52101369851948,52.06181280387703,31.9680235492264,47.764008845278696,39.595964415688336,51.16826598623496,29.334672437593376
2988,47.5877320109206,116.52007265671725,89.68715452594321,46.81287926373058,52.73094841539058,47.96579858507636,56.01019854099712,45.44132366598804,56.80933647842584,49.88086847355014,33.49562048636485,29.957040234560445
2989,47.71425387207368,149.8216834127996,140.30489612697613,35.81660666035653,34.592354361205686,35.00537579453269,60.023603177419126,43.061204716438645,44.12909930600172,48.40620623562679,41.40041154349916,32.34185958685135
2990,73.33545723529016,96.94989486152056,39.7031897854064,36.26915169706486,30.26726280130905,28.653567466924187,68.64583038017636,43.56276113999395,36.61461292747784,51.92365159513756,41.06302337177782,42.7045224926232
2991,49.98103279431752,72.48529512741165,43.6405039717846,21.66137655972637,26.646265413543794,28.97855830828381,87.74494278434473,85.69481953403712,43.75493683301247,51.44176700454688,35.67129931360573,47.16245392100774
2992,55.40773728305993,78.33064084515787,37.28070439601488,27.245170494949967,49.59618303931507,36.63516256289656,109.7564565533214,76.2840927663134,48.760943506960096,76.31695320446715,40.03260420379913,64.83454550300296
2993,45.565178743963074,93.90139911339509,62.85282249656304,23.939947230050755,52.7645271539739,37.92802422873701,109.39997086609854,55.78403004220349,57.48531852258827,85.30839310576401,34.49003444927454,49.02205929040046
2994,53.42158021275976,108.28534644820816,58.0892579052816,24.09738560585998,55.63487882766896,28.49727416151177,105.90455427802289,38.96979248588938,39.7809918166404,83.03041112858877,48.38892484009807,38.41340849900681
2995,34.45504992848302,83.42481060753104,46.853659533320005,21.44676470757131,43.741692530998,40.08902027615296,116.62989496864186,50.29779802221351,50.93702494574119,111.0159206459776,30.43520276280516,52.28121202694368
2996,27.61358015879867,82.35575127395883,52.82116976807296,19.951566111371942,39.327415417043085,35.07483056795998,92.92089137922694,43.97624672190774,68.45985127599872,119.88685089461916,44.97743085713858,39.54023228011296
2997,33.22961969994874,79.931723950282,50.84567086220871,18.43197380831897,44.26407530246135,31.142283537494677,92.68132621874952,40.565930255788906,51.779892670916006,109.98771378673064,35.333647340736285,39.0914502660486
2998,31.438090973376788,83.27056395846598,45.03892239199139,26.301337279238403,46.05104770989674,22.050677776977366,103.43649523403506,36.19576009590436,65.72480149737251,109.65196505855904,30.893838124358503,47.63165433884795
2999,39.52144742661612,77.99473751217553,75.00819400721679,29.601821550776567,55.573445138230696,30.67353449664285,84.39864829624915,35.46129186914152,34.08336014244368,81.97198568983274,32.55035329901986,33.024401310482766
3000,30.63289565383285,71.95212898740171,54.17643052237452,31.92088328780503,44.81719873225728,36.680209468674015,76.58745529413228,33.79490241368513,29.078820945009795,71.74992004944174,30.41968613842804,28.290296175210933
3001,31.991556011441517,103.74180921106831,51.26935717516197,33.09650508729447,34.25064435860224,43.96716811139935,87.46659493653334,44.17177274586548,27.14715062592784,86.93956435216958,36.17900829483639,36.349115660054025
3002,32.77839507347435,88.7996392140983,50.02891080304301,27.726612288681803,42.1872095493336,34.92809873818092,82.55416864533969,35.975674081613604,46.012153648751394,117.2728036745314,42.60099066151111,37.08820818848218
3003,28.08189418215411,82.08228141638764,56.26401408842219,22.650272657334675,34.55346137438155,25.01543000032601,66.8617642791644,37.77093084406,77.24175181861251,117.16072393462407,41.82736810826134,28.84378484190915
3004,36.84824092649828,98.68670059884184,58.55346756650704,18.380111604007908,43.63031847858488,20.399434658232167,54.05687328175674,37.70826569046357,81.60084169348201,102.67269208800673,37.21951890648329,34.62535536538705
3005,32.64990694166252,79.40482192881606,52.91812680268561,17.324866976609854,44.904195851683696,34.71428420046346,53.07711449156682,33.99429168293186,61.42416401941886,72.96317722268103,34.99837441686966,23.600485075328656
3006,31.72311655544296,68.43623376167749,42.206119014586605,18.958404825586804,44.11497193735318,37.79957682059384,55.00923168366605,32.447777920498325,63.556636468007845,69.79757275111344,34.436926159691645,17.66340224105852
3007,29.939906894316948,63.38589912660048,37.53269259787616,19.72172075707373,35.54508350387825,40.06653683553856,49.3101720328099,25.602016667321983,74.95087852856913,79.81963797258777,26.402356418839567,18.553180477126965
3008,29.97274230318203,52.53656510487022,35.81304365914652,17.54438241417119,30.516503398961856,27.314657040126235,65.37488093190615,51.449463060801165,58.37907967854801,89.02890183953222,30.044305100701795,15.047824679014852
3009,31.30353726477139,52.61036150497814,43.58652833543821,30.162894131808407,29.285335003553488,35.113828343949535,69.88098577906695,69.25247496781175,70.27166491638175,94.89213922261152,26.222887642246963,14.933671327991554
3010,33.91984588761603,62.73781205614004,50.38802149639518,26.181136140389643,28.67190467069532,44.06556067655042,58.21998332544536,79.64498562844133,76.51305000114915,103.87060507848494,24.97373678016493,13.465422936097816
3011,35.199162740786534,66.6917674478115,48.54774914138351,22.685705282258503,21.25559285771588,32.31833876784691,73.3450394662032,67.01936822354236,45.269631214281446,74.54648512235937,25.26178237570116,11.2123385793084
3012,33.92925853233606,58.329205451072525,45.98749200169786,18.363864178099863,25.446782062558565,26.778436435730143,54.83354516485712,51.73171175507771,30.238241319339856,90.48786238402973,25.21505298653704,15.021830787635365
3013,35.033997428699664,69.86959629767553,45.99272867143068,21.91087179051741,31.675862693887503,35.124397540536094,65.22422558704037,47.259259572902174,38.30146537061528,96.6891684575704,23.967954905132387,13.571302722712057
3014,32.00514105528253,64.95117509910793,45.2642315668444,29.154222869512967,26.298164100443245,20.084699481433496,52.40446892388758,40.06267576005024,27.922900236494847,70.89790140903035,16.209036468206612,12.786779327525972
3015,31.408649768672408,62.98924183169191,47.64680301981058,26.49221547367921,20.733350177139453,20.811667892294786,47.63997615488225,32.28038697608193,25.355754010652326,80.25489093759315,15.870262262166808,13.68231527889264
3016,21.20547956812236,37.60652567025313,32.193959585075376,21.381582783530767,18.180345530149346,37.35720073466521,54.60462208661402,47.267024363102514,30.51167753749595,85.04570314892345,25.37066798394615,13.41220390372886
3017,27.452741341378196,39.63176983385374,29.818669195229617,32.88932251767278,19.443763638459057,48.37566152364462,111.54652168073196,60.10251870323577,30.274611350634537,73.68361454623182,26.37456730682488,18.491447978118696
3018,39.942775592229054,75.70312190430907,50.20951195996568,33.79538935065998,23.37240402326705,57.32976786873825,105.4718912879165,64.32463395832977,56.6989453462897,105.45288225036072,25.870346052746086,30.665249898368856
3019,24.352221683227786,79.53251787871315,41.883769992968176,39.10807083262203,39.71322663351628,55.12696339145477,110.73871473162878,66.22642537889641,71.5475970918882,122.52985734390006,50.43923682907441,20.318535717462417
3020,28.52529502601911,90.01477218865558,38.12971588016881,37.90325328980535,46.38008402567173,70.01519394320393,103.76190108178744,52.914161587329765,80.19009470446682,125.28834956436756,52.402450348883725,22.95303433827092
3021,33.14298967375584,73.94848298258854,30.34511699916796,35.065019647205766,43.08100861798949,72.52382681634145,120.4294009371204,53.33495301529504,73.85004159011001,128.95873077298407,37.56398083983852,24.794804018269
3022,32.02557943778325,96.07427466367008,28.909441293487056,36.6389516618397,40.48917526724804,66.68349478091912,101.83028346742984,44.00653139410594,71.9787498176554,121.51066396268097,39.8239855537787,19.011246729703767
3023,25.4911334815242,65.44235139976402,33.90148093922605,26.397101979152566,26.60413923276718,61.90045825901117,77.64676940265598,47.01764461393305,63.06557163124238,125.68201553677712,43.67034765448558,16.12401432204512
3024,27.517049526767025,71.32203361525804,35.41887246625157,24.882800527092108,24.620066403090306,59.61663622495234,84.53446346441758,33.1331350218632,71.97575774753456,117.51127267209796,30.14787791752788,14.15045475431644
3025,32.128306342894305,45.79019403974284,26.942855967907693,22.237673094716246,22.917307534761,97.35141718041808,110.91150480395126,62.31861341992951,38.65169132054936,65.54059325884006,27.11830104717904,15.247629696054112
3026,42.06582913277156,48.87530090503613,34.455836159754725,21.216772237494943,20.22540463172476,48.93636259796882,57.16618017622943,48.2428816333981,30.8653974246468,41.700685260658815,21.83203968110668,23.3021614333127
3027,41.92014917721706,53.58947969495652,49.07049228179727,25.574590183829248,13.21518098724128,47.48294079788555,46.973475321053925,32.623983155284485,37.91702228157476,29.07775667521697,18.736064231398053,28.74808462368044
3028,39.65420665449568,53.39734287919026,41.97012702490348,30.135133008613536,16.16277192859036,60.68004953075934,42.33308413445812,32.931895669600095,30.097525717067867,53.69019966362312,28.05940287313332,29.88242821759563
3029,40.04121394054625,50.30385594247287,33.307485140129245,41.69124011849069,17.899364149635616,41.688189298640914,35.774547481735866,25.424026768878896,44.42396575018856,50.215303946964326,18.3417307367118,37.80759020322395
3030,38.37825076210534,55.84339207990448,29.67677521488816,38.19968932127491,12.994276081493224,47.5159211996352,36.9303018713555,23.570564245823245,27.625830154972483,52.657597373238,19.998266039231744,57.32895287483956
3031,34.322488633183504,55.235061631929774,28.08150135893155,36.81435504224612,13.224714147713613,45.73043766289891,36.85045558155389,20.38018893358456,29.0768987769753,34.16786437245685,19.372157353439825,65.92797318947957
