,C,C#,D,D#,E,F,F#,G,G#,A,A#,B
678,-1364.6089558209967,-1168.1371082165383,-1766.574186596712,-1717.1868987054877,-2003.9358159049148,-1993.43023643306,-1870.046234129576,-2576.9320470522366,-676.7826440806592,-961.5864693424256,-557.2742283161325,-1149.2836508037735
679,-1270.214760796153,-1430.4764286684929,-2324.2114903748843,-2018.5362918211129,-2032.0856881101408,-2155.4105133428898,-1845.330306386488,-2605.2150225319774,-774.15656270837,-1082.910880652576,-811.5129250959752,-1167.1725222832797
680,-1310.5827959654089,-1151.8061541589425,-2123.9203404124323,-1799.6538474263891,-2070.0923921829294,-2142.719341536152,-1673.640437857014,-2285.1071408650005,-627.1874282608344,-1060.3358877413075,-709.8715389422248,-1244.9502705889756
681,-1098.846183600749,-1117.5513283596729,-1754.992860697085,-1448.9378398847975,-1912.085304749248,-1851.9682808564296,-1529.5376468614106,-2267.689174128037,-557.4349780446348,-1018.8252032182364,-676.014252505589,-979.1611010416864
682,-1419.5507435727154,-1327.464465969252,-1981.535856049968,-1940.48351293121,-2505.5104689927493,-2515.0912227994654,-2049.77037751132,-3050.03866008606,-621.9690287573585,-858.8505493589465,-524.2490273237972,-891.1128683567338
683,-1471.7315273254435,-1432.7718433901905,-2332.0134289236207,-2112.945809150369,-2634.684723179127,-2660.591937502689,-2597.859639941789,-3301.4092138102246,-550.9360412863238,-1004.9210176679328,-688.7551026959244,-847.9365836760364
684,-1471.0511470902195,-1386.1206647066278,-2157.280433602255,-2294.672628868236,-2644.1231430072,-2659.268494452607,-2274.050646120963,-3308.913799346368,-627.0294078956964,-863.2127066129215,-762.5990991408029,-1133.9583901664143
685,-1160.4109830459822,-1193.6159928274992,-1815.0745900506795,-1641.4225831561405,-1968.9422434438663,-1780.9407144830564,-1655.2415876569044,-2431.4558430135885,-692.999393720346,-907.7188664071376,-946.688824412239,-1156.8704513101306
686,-1238.9556716468037,-1257.5671167893174,-1775.8719252428095,-1546.958239814027,-1982.124162115748,-1661.8328217036697,-1844.478418125148,-2321.517526842967,-985.8730082984358,-1099.5958509179432,-1072.8616785181982,-1068.4260542018285
687,-1381.0885506878146,-1484.3275128765242,-1783.096877181085,-1706.6852635375185,-1890.4401534599688,-1814.796372412197,-2119.5055661705737,-2269.039273981157,-964.4177977475516,-1061.479787356362,-746.4243034812492,-1068.5645948792662
688,-1230.498663041977,-1209.0939855813351,-1768.6834858148832,-1686.8027943629663,-1945.61602264262,-1930.3825432161257,-1862.4942014786177,-2192.5705793807297,-902.8227932862284,-773.0691664586394,-764.2473741104585,-926.5103541045162
689,-1328.4653865115674,-1325.9289631472157,-1746.8700149435508,-1572.8067293809258,-1891.3289117436973,-1910.823446549532,-1836.781048326632,-2326.633754498913,-808.3035863992096,-828.1443561214305,-778.7869984844061,-1150.8102918707464
690,-1220.752409186162,-1392.8748246639184,-1720.7532449101357,-1559.915463356406,-2136.431028986839,-2063.996317175175,-2163.0059466303,-2708.995514744101,-1050.7670550533037,-814.1261624116394,-859.5012988895583,-1056.2272451463386
691,-1176.7507471100691,-1184.59997129518,-1746.5816840466491,-1680.7747411046491,-2102.14190145297,-1688.795277752688,-1968.7658787965847,-2512.249862210687,-999.3971945595498,-867.3257485161485,-955.9237195827008,-1175.348619728952
692,-1417.2421682287288,-1263.6409768550357,-1671.1994588756531,-1961.4652555820671,-1656.0672579580234,-1919.2013983771835,-1963.5437200866688,-2498.580876611009,-961.8715524486806,-906.5856705807264,-1064.166002574529,-1167.2561030422185
693,-1535.3418663883535,-1336.8080570963295,-1516.2840998131967,-1751.4538472249078,-2038.3989963667675,-1932.5386605903368,-2087.485883962921,-2587.526351990161,-1037.8157416037093,-772.9790094307479,-883.6638127011687,-1215.8813883851196
694,-1494.473242524472,-1172.1389925389872,-1632.7676580847851,-1828.0120211330693,-2028.437153185523,-1946.1965206327905,-2132.389228658547,-2413.434386311266,-928.2725017266612,-859.4016699970502,-814.6289278622861,-950.84990440752
695,-1552.4651631777858,-1233.7797635517554,-1566.727049090006,-1904.3461929780765,-2195.6120548592635,-2001.5641788550129,-2279.681638357383,-2565.725515261744,-1022.9267686996864,-981.8204831720744,-633.1196946000313,-1196.8144540790863
696,-1558.3402590393007,-1327.6444034918463,-2010.6548907038675,-1806.5078045008693,-1912.303130464066,-2158.832252191625,-2191.3374447949936,-2404.589773194341,-1110.0700646174018,-997.0607836084288,-637.7300483943566,-1105.9211837555877
697,-1655.6175911245102,-1432.9566362946105,-1697.7283539060245,-1748.3845072473723,-1853.561990838468,-2150.3122402954264,-2177.06045373231,-2220.952765071217,-989.6876745320424,-894.5786215233392,-712.5041571308042,-1117.4069773448157
698,-1796.360683476103,-1366.1934088435446,-1759.1416278221886,-1646.9243875053453,-2103.9506406129467,-2067.7126052224858,-2176.9138287582464,-2669.394457671081,-915.9947882773248,-976.651759856954,-722.1860353009381,-1249.9882062350375
699,-1891.01042858204,-1230.27800511849,-1624.1407905213316,-1738.2765114644872,-2041.257353124276,-1908.8897999965209,-2144.9073415811863,-2532.512536155185,-951.2959231739246,-817.6672523768472,-709.8539773133882,-1204.2933979378947
700,-1806.3951327656373,-1202.6783010376053,-2027.217354690432,-1852.80662826528,-1882.0682444304289,-2061.52831427118,-2192.4138641723584,-2603.036419064313,-1083.8246418301192,-1037.3118038883026,-762.9942116079113,-1183.4169429304093
701,-1438.317199037962,-1175.0701764286111,-1921.9089941413129,-1789.0893944086397,-1837.7461366074388,-1781.8104588771623,-2076.994604152309,-2387.5295039371485,-888.3346403032671,-882.3272894875117,-567.169458974211,-1272.0067955344869
702,-1461.7886155612166,-1136.2430258933507,-1940.9382471631625,-1797.5839047745887,-1997.7174998397625,-2011.5741403436623,-2155.092703702392,-2659.936243243755,-833.3361047070235,-927.698926675603,-620.2763583916745,-1442.8609863675547
703,-1400.5082138052187,-1200.6520322603171,-1728.0898029628895,-1845.3528039484147,-1917.8264342698,-2047.2024288912385,-2168.4108434936657,-2805.7636116749754,-820.707535353948,-895.3574237129866,-692.497918075203,-1168.563629259274
704,-1931.4237123560576,-1559.1070554174923,-1964.6333594133137,-2208.0743347633806,-2076.408584144303,-1858.0862137944248,-2261.8318203388653,-2675.183257343893,-884.8862475804835,-1044.866111379809,-860.0439702039201,-1327.1692695261183
705,-1495.9664388256442,-1290.476398185572,-1689.39035324801,-1808.3821535914967,-2132.1613137643235,-2085.006933201116,-1988.5448370855704,-2468.876631935522,-737.6672501107444,-904.7052127361198,-692.2966701373649,-1253.477654436234
706,-1799.4714544260282,-1410.8638508386111,-2103.5516287142814,-1994.6827848320445,-2204.512373497096,-2130.994724890813,-2262.667831425551,-2509.173344440669,-884.8964879271082,-1046.3468322189708,-836.5675880575235,-1416.590620960454
707,-1917.0777138778635,-1539.6503429257918,-2228.9847049274576,-2097.5486918642973,-2395.0324560713425,-2150.0843107390883,-2132.9924355623584,-2863.1398364626334,-1089.3580057507438,-1177.4471486616817,-801.5325942033184,-1425.2320236558037
708,-1576.4903467108943,-1126.9796898351055,-1790.1698084105017,-2036.3555188752548,-1910.350900984453,-1915.656524831052,-1885.7518161713056,-2339.086230716445,-1011.501240599608,-771.3543856153439,-770.8037994741521,-1215.127393243943
709,-1658.0685818876434,-1223.6569853641504,-1734.3337884197715,-2046.4386606017065,-1988.9632820154447,-2240.432137070709,-1839.6379405085008,-2451.069990678486,-920.111352982272,-615.9397041308183,-599.0138882199071,-1236.8471588591403
710,-1609.1336230131203,-1297.471975274076,-2138.3014351872257,-1996.6870717866736,-2373.29676483172,-2170.545290284658,-2156.165494368153,-2569.958759798112,-921.5311767717104,-770.1761091385276,-784.1069008746829,-1455.9287166737713
711,-1588.6858889048683,-1210.2847812419332,-1921.1797497202317,-1971.9411608147868,-1952.3416869932344,-2018.450832618608,-2005.7461722859653,-2538.892359403437,-895.2773859790506,-951.8051021848878,-641.9257137901834,-1315.4778189137928
712,-2024.027470494413,-1948.1698645102863,-2846.961112185884,-2502.422686362219,-2565.267937191896,-2650.935669132846,-2610.3573914179988,-3381.6672635648742,-1116.182229105386,-1357.070027524886,-874.745816683442,-1774.8674717463905
713,-1811.56899707046,-1509.7017629132408,-2756.5599053854494,-2086.2286045969304,-2297.664024418204,-2706.823052251086,-2215.500313558496,-2754.208083222392,-997.294500058761,-1265.7158460940302,-774.8230125453479,-1716.1233894670738
714,-1389.8493102128318,-1233.624908801126,-2290.7918765225454,-1760.5797454095707,-2024.186180665814,-2184.921583414792,-1623.6285924975775,-2252.507041259957,-803.9093535148249,-946.4302964845284,-612.4870104375423,-1344.4074122967625
715,-1512.4112136573788,-1195.5988606284448,-2193.905980447797,-1631.5390696393265,-1824.7157210061707,-2061.7263045065174,-1545.1397961283265,-2270.529912139384,-683.4440368431481,-714.6114710759605,-534.9325546558631,-1392.359802623992
716,-1314.6151083471975,-1125.5371500067413,-2037.6954095378203,-1900.5274887639807,-1757.0044062451311,-1909.8176481870937,-1721.6373526172888,-2269.203550913323,-719.1292504962773,-745.7061875306425,-458.7146384447517,-1386.6051544600089
717,-1366.7063220165296,-1006.4979068791788,-1988.5172185721365,-1771.3891771392205,-1607.0944756047593,-2064.2262321722355,-1698.5931121440897,-2227.332252346765,-785.1735648013265,-750.7073761328949,-391.7755741256015,-1435.3245073068642
718,-1261.017076733248,-937.1894182353992,-1982.8246998650327,-1585.3161390551772,-1531.662640062624,-2054.476823587426,-1364.4987821427756,-2223.1464342940326,-876.0885927628993,-773.6902180114973,-272.9407781300472,-1474.2774694368493
719,-1126.785669821724,-953.3118723988453,-2258.934433920461,-1636.135226233915,-1674.7857779531275,-2040.055292400693,-1373.4613847995652,-2203.895154826736,-765.9119974189193,-902.201634528132,-578.5624922698181,-1375.3079306936156
720,-1394.820451293338,-1128.0068806581537,-2152.636840626248,-1858.4870045043967,-1645.9843445992235,-2015.9315175600805,-1814.0040335198307,-2369.677342234476,-946.7595652504276,-923.8789291341292,-501.16242391244464,-1399.9437138696292
721,-1465.5009921932858,-1087.7685972514328,-2272.6307558649846,-1957.208800238992,-1872.7264769501587,-2116.354264831837,-1918.4305017808144,-2628.602860338455,-1017.5957376796974,-895.431326890249,-624.4217806793911,-1434.3451811283355
722,-1408.4198007799582,-1072.240333965595,-2095.9567610995464,-1687.9719817870744,-1983.5684665780057,-2092.712649356873,-1560.4814609741677,-2175.9355103708094,-936.5255683405414,-568.3384828719873,-730.6146489258522,-1238.997455574388
723,-1375.278351334509,-1197.45438522786,-2085.807497677703,-1742.9200212200865,-1964.996697280124,-2230.3289578156287,-1808.2774310169127,-2213.577593438239,-843.3753562211923,-673.7602624403958,-830.4174764865613,-1345.2943821498668
724,-1508.6961020682684,-1130.975037644198,-2154.9086551568794,-1849.5790493395712,-1778.8633999811864,-2188.378365290747,-1813.8420439637648,-2510.7938120677013,-876.4898686100544,-783.6510782509955,-608.3069909462583,-1356.9011299441568
725,-1183.9204681629371,-997.3652266079944,-1966.018217083876,-1748.3353477107887,-1678.7950097228113,-2010.3766748105363,-1663.4148466715185,-2412.95225247248,-868.963994537582,-840.9764810244917,-683.10192539029,-1436.704930712986
726,-1372.7990576876543,-1019.547442387896,-2129.422814257952,-1672.354053199797,-1882.9228269716568,-2009.1973412951631,-1534.193100661182,-2334.820611522576,-930.499524059712,-658.9141373387856,-623.1674033355791,-1408.6633972871343
727,-1488.4582937483465,-1420.513358953258,-2422.878348411888,-2109.216836166669,-2514.457888674282,-2414.388472318948,-1875.4769489086607,-3031.818580710067,-1003.671127164564,-973.0595928066004,-972.7657591639723,-1664.07188490103
728,-1436.03782293832,-1075.1722214031672,-2183.4153983389806,-1811.946266177849,-1736.177503113724,-2165.879491762385,-1767.4348386920528,-2625.6448188554627,-837.5273509384247,-785.9794871971632,-777.3128783965784,-1375.1097348623734
729,-1897.7010030259785,-1476.8403091560526,-2638.5279670908494,-2327.8620559625406,-2159.809507622073,-2559.539916662467,-2345.2213634176296,-3216.683982485649,-1063.011231586106,-1284.7408137106584,-722.2398160007613,-1745.7428197698828
730,-1631.606572577316,-1446.4282195629598,-2745.370920997585,-2226.859847744852,-2151.0339479990475,-2555.5565651413176,-1989.471992339273,-2946.666495586829,-981.8682602365376,-1258.3727827482878,-659.4151063347585,-1766.126853811499
731,-1219.719355938281,-1302.352001853832,-2471.4275542311448,-1611.8504250301248,-1723.7254373961205,-2320.3822074759973,-1635.037242092388,-2499.603751811472,-620.9531363437969,-1032.069502822278,-537.8615695719503,-1683.0835030028015
732,-1309.2828412831873,-1052.338420686879,-2264.103444470248,-1472.195303778314,-1771.0220348911243,-2121.029738444703,-1673.9252049869724,-2457.7824730407674,-565.0949951015211,-796.9365159556468,-346.30439738271934,-1601.68328196572
733,-1112.0062985393283,-859.6558876540594,-2292.269653540632,-1508.744190586632,-1532.502808096389,-2461.3312985665084,-1431.2952718342342,-2244.1225947799285,-616.1708504874191,-934.419158527273,-341.2478840302148,-1380.0031078445645
734,-1223.1142403119231,-910.5951846550928,-2103.4904291986168,-1370.426179312216,-1495.5053578583456,-1937.5920484835867,-1479.5954334431167,-2257.8809153997504,-705.4541958940131,-805.4627353562995,-191.1962374548188,-1375.8035372012516
735,-1010.8456955037444,-952.8322547223725,-2278.0009848823383,-1365.5189448279543,-1508.4904556164752,-1873.5099928078075,-1355.4831673031472,-2355.8083416725744,-760.9130093090757,-886.0928797608929,-319.6249187438722,-1392.0360242548763
736,-1182.4156523361844,-1103.2360363389753,-2067.1813794234195,-1580.718950969259,-1657.7189531251422,-1942.0849034170333,-1628.6715483731982,-2374.5998989405925,-637.4052995796385,-901.810000941884,-282.83919968105533,-1348.8800143048115
737,-977.274752045172,-958.2287787027866,-2198.296870725051,-1516.9696342659477,-1509.479117025114,-1838.176730315717,-1369.694180398212,-2174.859155423444,-618.7981620140825,-847.2501705010843,-364.5971614243748,-1230.2026944615463
738,-1305.2840360242865,-1356.2491538501135,-2212.122238906695,-1587.296698790902,-1706.9725516644833,-2197.416821905225,-1766.9841739420815,-2950.7245118698847,-790.6415482886401,-1034.9182226584776,-467.33408706312025,-1402.957274821602
739,-1280.4349800989137,-1201.9674673743853,-2183.8215874942443,-1795.0301515336064,-1749.4079705842375,-2093.153146789544,-1829.9180866916688,-2396.267992819295,-575.1118886681911,-1046.9960622660608,-538.6131595240081,-1313.094226176579
740,-1280.430478246742,-1086.4444049008443,-1851.156191846724,-1467.6730444060847,-1915.6128621707649,-2195.955245936799,-2077.983437416341,-2605.836435487552,-617.2727716330448,-752.6263931536887,-504.2782806248008,-1222.8801348011086
741,-1287.6960240699532,-1035.3002343499263,-1914.0360888973385,-1414.424237321547,-2064.430416193296,-2186.9981098377093,-2223.2915156841086,-2608.794059852203,-504.4623758050723,-802.8922614926764,-643.3051728248078,-1296.38688942453
742,-1397.3285289906275,-1190.921533673829,-1601.3685626402005,-1433.0643962999957,-1933.3906600198168,-2122.620574302245,-1952.9128590076537,-2495.173203807248,-683.7033794864644,-680.1779618246646,-730.9240407072695,-965.4641155411936
743,-1449.7780239869203,-1040.8175445905856,-1827.495157909707,-1495.4366770507968,-1932.2157950945548,-2090.2918222473063,-2088.1738479648643,-2660.354395978118,-621.4015539603748,-720.5326436089465,-731.2353581488945,-1122.33780393185
744,-1432.8270349397856,-1394.5062733447087,-2236.531448999259,-1760.7337666541025,-2292.4432611983066,-2297.5943040713328,-2566.9500335472944,-3171.756807503998,-841.3913077025823,-874.7833555762611,-915.3607867041524,-1269.9574285488163
745,-1243.6502497628103,-1003.8459024343758,-1652.6177528889452,-1402.1287266271067,-1716.9067822563816,-1629.0353472665226,-1914.4576950954647,-2559.4944930738807,-520.7386386866862,-967.6691545958928,-786.7683838414023,-950.1163919420528
2966,-1221.5991068480184,-907.8178435011264,-1659.4530785466093,-1443.2755479354148,-1797.583200231186,-2107.071839345307,-1543.4692637825635,-2207.3865470389687,-549.7016838032525,-701.0256939786167,-322.01367108589983,-918.5356744245404
2967,-964.2266457954842,-690.4370931118598,-1617.3166716316168,-1262.9869760619404,-1531.468947639444,-1744.8562271209769,-1104.2109599932787,-1978.1782733754944,-403.0832789557656,-708.5965959021784,-384.9345748302658,-850.3564222311421
2968,-977.003407880508,-663.7699368638605,-1788.4320247621713,-1040.8677824276,-1437.6055995780005,-1534.8110717167788,-799.513769421093,-2004.280268293646,-264.9135462738081,-484.6276095982456,-136.06947063241893,-804.2852583824684
2969,-979.226224220386,-613.8960561697352,-1709.3644147423183,-1047.9278165664289,-1700.6086471983444,-1459.1701219944096,-906.7145425995504,-2080.5125800984806,-200.5007336566601,-520.878598650261,-345.63687511116984,-901.8125162165315
2970,-940.746160105412,-489.9769077568728,-1819.992243387612,-938.9255266784276,-1457.902920385979,-1619.312472285761,-960.5978378782268,-2015.4717359811257,-478.9010119382875,-355.88998915913567,-446.222428120337,-993.8920151311067
2971,-936.1176372349536,-490.6229593539412,-1802.9700986283813,-987.9392778517796,-1421.0500459970478,-1519.1709427410135,-1233.4630242119708,-1846.8762915273423,-462.1759708443327,-422.4257070187113,-470.95545801895895,-1016.4280715112524
2972,-841.6716445931551,-449.1200358288867,-1655.7405701493826,-1191.919243080298,-1226.719707184984,-1218.7427937038397,-1236.942512589012,-1836.9624693975209,-375.4254790611158,-546.8334283219943,-246.6268156585001,-818.5792038659044
2973,-833.6934481300833,-575.2544932611521,-1589.475797941728,-1247.5515168663676,-1294.3613497321949,-1334.8542645372147,-1023.9938450061636,-1741.4109203175904,-393.2857334343885,-575.998254895332,-356.88084423951614,-826.268787885023
2974,-1018.6323843181352,-892.0971211849437,-2063.338858770219,-1753.2413169576243,-2089.337911249864,-1689.0210678668109,-1498.941608190086,-2451.02347990206,-406.45371937722734,-533.4981543390275,-343.295637397546,-968.9010909462164
2975,-986.2733764875132,-763.321014733824,-1570.9827985048112,-1410.431945844029,-1892.702665890396,-1429.9264677165409,-1238.9251007378696,-2067.323347143089,-550.4747870067728,-707.9051767472038,-522.5578170957175,-864.9561199446715
2976,-844.0952167574742,-620.6361038958555,-1859.669985642117,-1223.8748203521268,-1453.18550087353,-1299.7011640673716,-989.8085075097983,-1982.066854455877,-459.79046999087126,-475.1793827550409,-415.8784642729436,-815.7371085434713
2977,-719.7538662032173,-673.0795125139648,-1607.2520911115507,-1141.2025313310803,-1473.2840609840327,-1276.536070844876,-1189.1008815104965,-1982.9685780957368,-498.0194749776387,-362.4468430192472,-142.5141325665707,-690.4707159720193
2978,-955.3094324734255,-608.3670933104327,-1377.9737956749411,-1214.9057925714349,-1467.3603688426042,-1343.8175869243576,-1154.0463158307737,-1903.3550160683435,-652.8949920163939,-511.7490417906608,-405.66785783357386,-606.2263277884254
2979,-1066.5413405703775,-520.1533138387149,-1663.2675295135427,-1210.6656870401305,-1399.283638105289,-1220.2325132430333,-1399.3879056870917,-1709.5796530015684,-599.9691131028521,-325.6936116855338,-533.4092244676076,-581.545652293039
2980,-1162.4474738540134,-606.2897025878606,-1910.425618184964,-1211.6572092712036,-1320.4564134609325,-1569.789912292497,-1387.6218805784788,-2011.8852300533592,-562.0841916310486,-403.1076373781679,-373.4554493721593,-577.8559799818808
2981,-1099.8337370768938,-709.6417917039963,-1727.7509073704225,-1331.9688959245696,-1567.920979272365,-1847.848952134451,-1517.2474526539672,-2084.0997560261326,-594.8042985076574,-362.2534616434685,-390.5350150567828,-709.8720250951958
2982,-862.3181837679496,-794.7735176036778,-1383.6497582984186,-1139.8486612847885,-1416.4142408606535,-1296.1831137891954,-1324.5676092879855,-2080.136266893087,-553.1302592469156,-222.55322785725772,-524.4688177601626,-757.1256552890361
2983,-1074.1637606236316,-841.1184208015046,-1475.4311985661825,-1360.261440275567,-1554.105818564336,-1473.2531393136076,-1131.7677293253073,-2059.6507733071658,-518.2687139401987,-480.5308675318786,-338.189127740756,-703.0139329481837
2984,-959.8584756706232,-665.4708631533612,-1344.7015414053349,-1341.960722060726,-1472.3658936027286,-1486.2578785909973,-1213.985889162998,-1867.2094850371689,-603.8532686377775,-379.0140806331255,-459.7102673512056,-721.059185563452
2985,-1020.4743245248972,-775.0464434868607,-1463.6482442595743,-1199.0972082181006,-1640.6099213982186,-1456.2109764810612,-1182.3920237058371,-1875.2994622534227,-495.96999907846777,-561.5929529177927,-404.074916802851,-739.1297487486733
2986,-1084.8029265743533,-698.7490472127355,-1227.847697874272,-1313.9179063823794,-1518.5182979651552,-1500.33227036512,-1114.114670688513,-2119.2515979461687,-409.95155195707247,-564.2139653144812,-540.7559559965255,-487.2198797062204
2987,-1051.5168188206003,-752.49702327692,-1568.273801669979,-1388.5667670358011,-1525.2860750496402,-1466.8540945660006,-1606.7113915065283,-2110.4582286673367,-594.0032387313076,-699.052687851682,-240.88791968976983,-835.4086276559203
2988,-994.386656266026,-521.9360804007694,-1411.2053695973464,-1084.8705552061267,-1421.9361980525402,-1316.7445299988271,-1294.8859169325317,-2016.710406206009,-586.3196021959341,-494.97217238574245,-460.7327115633474,-669.1532741456355
2989,-1034.5498873451625,-688.9803919712244,-1544.2974643789414,-1159.2451251130144,-1418.2620143997383,-1558.1206908152567,-1353.0120679203765,-2120.188334139637,-600.6823901456091,-422.8688053864781,-385.3873487028026,-737.7430799301637
2990,-1086.1903141260286,-728.3262367611378,-1818.2502168911249,-1350.6740749902156,-1387.5535373350735,-1809.0479895550025,-1522.7175370984896,-2030.4308642228127,-669.2602770276852,-393.96285308950456,-356.799989926722,-674.5301971001409
2991,-1465.4704431888272,-1093.243179843298,-2038.430207924296,-1790.531150905273,-1790.958188702659,-2061.6131868237167,-1866.860463810136,-2461.4343368544205,-935.6989349033148,-680.9258035846609,-470.03080647933047,-920.601620852881
2992,-1409.9377937890258,-848.3246418058396,-1896.1047318922588,-1448.6260360138583,-1576.7066244163373,-1946.038223284132,-1686.4509432670286,-1988.3712543962329,-695.5418823948513,-427.7816347921205,-505.0165533457943,-932.2905003687216
2993,-1274.5539165684572,-875.9176968044544,-1801.063421743926,-1302.9147055308445,-1514.4611718301803,-1561.4791526198087,-1276.367773863178,-1983.8670382635764,-684.5289251650902,-519.7495232137073,-474.41104664307295,-778.6285402753435
2994,-1131.7749580640975,-897.7095160932593,-1686.7075803741268,-1435.7254701363272,-1312.0823938544715,-1890.1730788211987,-1379.0774677437846,-1984.7061438718133,-626.1939349383601,-527.5297779019246,-441.3959627072214,-820.1644677884734
2995,-1229.444606044604,-854.454644229939,-1926.1627076754653,-1540.2273650910572,-1574.915835721552,-1740.5869637273738,-1548.493034794824,-1903.491283850496,-764.7187847827462,-324.0472212050779,-511.8526197230054,-790.7120816426163
2996,-1331.8892728744026,-926.0951541316794,-1742.6580620666432,-1437.0697644716315,-1520.0267443545151,-1745.0268724138543,-1587.617610059332,-2130.8605560194123,-723.9626607256448,-317.8062835002202,-423.8514282541677,-758.3767758994203
2997,-1224.5741358529356,-900.6295212700451,-1592.7879612620025,-1614.2034334171071,-1706.79925534962,-1843.172765742397,-1663.0814521080017,-2049.248122244392,-663.6914898308403,-362.5512877006941,-489.5356456316464,-744.4275853690954
2998,-1288.9078970017576,-893.2126802524106,-1756.5516027476947,-1592.840091996624,-1502.3264331252053,-1938.4081574544543,-1420.4113410683024,-2168.5277530231706,-516.7680356588244,-465.8236695074364,-569.8719367123549,-757.3632959814905
2999,-1264.0221589043656,-1311.3057375964368,-1962.2481151786635,-1878.6691390673443,-1940.678996424216,-2510.8776220241725,-1957.8989370913723,-2517.1451306318327,-891.4005991187497,-619.912221971694,-557.330724529658,-988.8834140724113
3000,-1379.207848620881,-1141.0477862685495,-1956.0827185304067,-1669.348703578945,-1686.033778094308,-2128.624676291377,-1654.6085800106976,-2405.5398110954466,-878.3132078511701,-661.2396766153056,-564.9303813103753,-915.2616597175248
3001,-1299.5539701315363,-1081.8490100912975,-1846.6029101320787,-1587.3045355793954,-1474.6260129338048,-2009.8121707365808,-1461.1166309915873,-2222.8809293933828,-831.9355584803682,-494.1011005232789,-472.589401943648,-827.9653505218891
3002,-1119.2754866960156,-1078.7130570408272,-1945.2066059851509,-1423.7649450362103,-1377.5510490005922,-1957.1564561178127,-1279.1653190762522,-2153.0679158153443,-751.355894946735,-459.8710182861079,-420.6720255197334,-989.5659721345456
3003,-1258.3420636278731,-1106.1325182897028,-1690.7660479089125,-1526.861757361822,-1409.3601971892665,-2173.462903457269,-1619.2330367495765,-2127.013115914375,-594.8848539167566,-410.1391867947112,-481.9709948113622,-1073.170468820656
3004,-1292.8611424443286,-933.5761165099065,-1834.1858986684945,-1626.4304830901333,-1427.8306706785986,-2267.9264840699407,-1638.8648670733164,-2362.1130244962237,-498.17276996203645,-555.522741366317,-495.4434959658664,-765.2593192150417
3005,-1220.0387700119595,-1129.5233931756068,-1719.30450661765,-1579.049361429114,-1648.7941629446827,-2254.8840063352304,-1630.7619600301596,-2295.348348195931,-752.4583932880158,-619.3979836552243,-564.4575077516855,-1119.2465031026177
3006,-1348.536182347479,-1174.4013971501388,-2018.126504766556,-1872.502741454272,-1497.0596876124416,-2413.235937572604,-1844.0861933118583,-2471.9092077266323,-791.9349926508346,-743.2941686918388,-598.8013075585549,-1263.021263358412
3007,-1211.183040876214,-1053.9617074088087,-1761.7325215010767,-1755.7975183366525,-1616.23533472472,-1829.6403556891228,-1653.4067324743164,-2123.052826910688,-802.9405034181824,-643.2035442673478,-713.0907262486731,-1038.0150263289995
3008,-1261.2101792146543,-1356.128460515234,-2039.244173897565,-1756.6070199627188,-1717.490364871136,-2287.437193881101,-1799.6259739885809,-2346.971012139483,-780.1197994134936,-648.5610947573018,-752.8273827896924,-1198.888615294582
3009,-1062.872341735404,-1176.6192479224064,-2025.434235740328,-1399.8679222112671,-1691.1020286639432,-2081.183776817096,-1387.2923880855517,-2031.0282467467464,-634.561610989176,-559.305924721507,-640.5963984380478,-1252.6122988837003
3010,-1154.3692039925215,-1212.540740537284,-1770.021356514127,-1434.4081233126794,-1769.3704612779093,-1965.1364889814124,-1358.818056158192,-1961.0317744000467,-564.4940532721557,-575.0545439354596,-727.0208320772286,-1192.7001414800322
3011,-1033.757297296402,-1383.5145169081438,-1862.094317095709,-1472.4253879008656,-2026.9194781362871,-1958.3606853185515,-1365.8417704355438,-2048.657765473987,-789.5563488355706,-852.4186532685864,-725.3492377597374,-1299.3797230020427
3012,-1134.7362904072886,-1215.0646334172473,-1831.9019942825928,-1636.9358632042358,-1860.9418290171104,-1984.6895421179083,-1508.7828802544348,-2012.211851958525,-909.0174626833272,-498.77016794408667,-700.2149360184474,-1229.097607785054
3013,-977.4919943347496,-1282.211224961203,-2034.5217520806816,-1697.0865854463311,-1863.2196989147928,-1993.658724774608,-1475.5844154660583,-1928.5386229353264,-798.821922930308,-513.7632889874149,-776.0982140170499,-1216.8567938592332
3014,-1228.5681889711443,-1451.7123469101684,-2052.320140668009,-1684.2153282061142,-2282.904117544966,-2422.038662003315,-1705.1885984593798,-2144.1569301806217,-885.7842233901107,-880.6788880898224,-965.09282063446,-1288.7390372168124
3015,-1215.5556146700164,-1045.3414419109963,-1865.5034715588624,-1496.186700620498,-1729.3311146269743,-1901.8177990658355,-1858.720070262548,-2260.8004302220847,-760.2564450935763,-708.6453283087224,-874.7434175656739,-1112.2314206579445
3016,-1507.580517440379,-1508.4919767249603,-2454.071022982209,-1931.6008541523568,-2329.8688965985634,-2711.6918966113417,-2324.667457103768,-2670.177043080524,-924.1873543505728,-957.652460794294,-859.5298054189024,-1454.475705959235
3017,-1257.7837747431367,-1309.5624949022576,-2085.339334300093,-1668.8217449889614,-2186.804597038263,-2318.617974743721,-1597.509419387109,-2240.303640943789,-987.992503248034,-923.0178010273452,-856.4116703835895,-1483.0210264008988
3018,-1167.0434258968755,-1045.5779099778158,-1788.3997269642057,-1403.1340366035056,-1779.8988844982944,-1868.0898000539728,-1322.808643132162,-2129.636934416936,-1009.0098512558932,-665.7220271477054,-766.5410391943344,-1178.3449214079455
3019,-1499.9959068713863,-1037.5881444133208,-2004.6527726001127,-1233.880890418251,-1702.2815723531862,-2019.5568665646272,-1315.5346543573671,-2021.5067044362577,-896.1468876784743,-573.3856084360028,-417.6843448683799,-1266.1490124580891
3020,-1181.1080155533991,-925.3762821113124,-2064.456327277353,-1280.0669609442807,-1667.890272466314,-1833.8247010793657,-1245.9208556215588,-2042.3641480141184,-825.0910181611822,-757.7359670460584,-481.9314447803207,-1110.9941403804823
3021,-1056.6873173920055,-1000.2105065874422,-1953.176369491112,-1331.208241779501,-1678.8615255767245,-1613.62629102928,-1156.9281033033644,-1870.3206257357544,-771.4936368983981,-600.1699658639923,-555.8116786053768,-1180.5011017025347
3022,-933.4452764258784,-846.687964960755,-1928.5104917004965,-1342.6699640517584,-1703.5619615427045,-1453.9305610464387,-1338.7144451127172,-1936.6184008520609,-769.7826493490678,-563.1021555891789,-535.8120488424131,-1289.7165867963074
3023,-1155.04973157826,-1030.737781126476,-1890.095776236367,-1370.3216920455834,-1808.7571001007689,-1631.208251977847,-1398.7438802398403,-1964.0836211832368,-727.4096423228372,-678.3596552539851,-407.1216009542996,-1236.9879767209416
3024,-1014.014559017348,-833.5178455587375,-1773.1705681577257,-1374.897248330719,-1897.692301371786,-1506.583506237411,-1600.258108892611,-2199.4917240085742,-663.9418764635412,-572.1815037303675,-543.9262585806916,-1159.8646440426833
3025,-1060.4929230964826,-958.8704567538352,-1635.4118571699214,-1416.8733709467542,-1976.0509630978684,-1512.8127255789907,-1727.2494553100605,-2305.5840702485866,-749.1810547564389,-639.9397775493665,-652.7533606200649,-1019.1074183909216
3026,-936.5276527630028,-847.8183474073363,-1693.314053151911,-1405.2744848115296,-1779.7961430429148,-1616.6376858695137,-1671.4970462626,-2031.7637862111,-648.4815868547761,-784.0694392710072,-728.629904797559,-758.8538201365191
3027,-875.0009417065861,-763.120797279874,-1704.6564439193835,-1354.0411703220148,-1963.4196459169552,-1575.3176861000948,-1577.6218539809151,-2377.607303621413,-708.9892174602584,-814.3464923276126,-700.2661601245964,-795.9465613711282
3028,-942.687903083409,-802.5460427588932,-1710.0017046645744,-1114.2825883831008,-1856.3206827427728,-1442.4560948979924,-1718.7052484547555,-2074.070023358788,-757.6746529340724,-568.5528891073711,-751.4834417918173,-802.7900171839494
3029,-1053.189701901125,-619.215056685274,-1627.1802005613706,-1128.1295858427795,-1835.409077138184,-1359.2137725118273,-1694.0958969051555,-2209.342526249624,-524.0834760333934,-638.1512051392305,-790.4695074939852,-631.1997105873252
3030,-1045.9877079889627,-542.0978315761713,-1634.1732086660008,-1154.8845499348558,-1956.9177639745144,-1402.5354494099788,-1751.9909013298332,-2229.1823530687498,-690.4183438675191,-565.6641746047333,-946.9767518678556,-628.3288124333973
3031,-1226.9580509783125,-663.0581801047006,-1693.59120137263,-1178.3306939375047,-2090.447617547909,-1650.0447922671517,-1880.090573387944,-2355.20301649866,-726.6184998339987,-667.5123670328085,-849.3194700997306,-508.25001816542544
