,C,C#,D,D#,E,F,F#,G,G#,A,A#,B
106,8.282430597748498,6.614406677676054,27.816526599067124,14.04567432085352,3.6674162443192113,68.32866418237839,30.17892149400781,44.86695225728754,82.62834894990904,23.47518088236584,13.888118926793489,1.2868767119774316
107,9.022041727654194,10.111540354104,44.28455197518716,12.356715669050878,10.18437198572384,74.24028074813516,43.814900655183806,36.01501325384154,24.11822483107272,44.399381475658046,20.909992861572807,7.2639995566889315
108,12.44846289292882,7.99517959806554,19.836251113051944,24.32596089366229,15.784182900890348,64.91666686632455,49.006639604364175,38.355184389174966,9.8809256800226,65.09872961514944,51.99833429511985,8.098803018963729
109,14.613270166274384,8.952066276808532,23.420367171501983,16.36724928969287,12.7808062445463,54.569208348697146,44.64259256851854,40.92030555677225,16.213139264191188,45.64916660746131,47.336438609474,11.347833883310397
110,16.87762621902367,9.519496186170375,20.570909421209137,28.47227205047572,13.280102386066636,53.33168536840846,60.28033598990733,32.8094427021388,16.70730400812771,23.75668953709284,28.990158701818665,16.1226446615231
111,16.65186463472842,12.011170834568508,23.5724789767278,25.2460673196666,16.24397303159084,44.731174994125816,60.71840116229246,34.982540297531365,13.802924423092204,26.693457649285623,26.917120601487245,14.845130032950436
112,16.084645300926084,11.299555934651089,18.958684479074456,24.60953081252747,13.100206547304968,42.10182920675939,64.81674701282097,17.853028330492922,14.016728541083658,27.151363510247315,27.417278236179687,8.89721491826815
113,16.057560115390498,9.04102175087179,19.714081123314912,18.801680954713618,13.012203057705472,30.728232183673686,46.71843684833918,28.421973907587155,16.49782107375819,48.89101019587016,56.121387543305,7.565466293604416
114,18.222597576252056,9.736057784364473,22.16830663498628,21.474558612843104,17.44901575279858,77.9220959773379,57.889034318507,24.171704826320696,18.388322209691676,46.09585397156948,95.09176105401076,14.167192867758816
115,14.490365266476145,10.623549525871692,28.797232029955644,19.889630082986503,16.919870001681662,60.415708126738174,51.77483891371303,21.60978523144948,20.014217596810592,65.27236270616503,78.66665194759281,11.043451612157844
116,8.31737041916072,13.658645046399208,9.603198035353136,23.18445292247497,17.8323884946874,25.839847541533377,50.83795562287832,31.2333856713781,18.72386082020882,97.79584286565716,25.402023039583163,10.764992326171372
117,14.29908467832195,9.28595400029552,15.02917251732134,26.79796878958507,23.740450256411133,22.319193433812515,55.412601491191175,42.77534406453602,17.640610646088007,64.89084059529696,17.684544338000975,8.824848478510548
297,10.646159706678592,7.876786552286509,32.50396887683399,19.004774814147304,8.631894331338799,80.53307449825624,55.06369917608725,51.69526267770027,43.74434127250129,32.793174401830825,8.390174186103609,3.1003123861693864
298,11.5631777090158,7.583166410626603,34.684560947374315,14.441956324396267,19.26910430109214,92.7203600439971,54.98090239215489,41.54169650938215,7.212259981234981,53.57006146826544,31.19290196422396,8.477352901418522
299,12.249238569518104,9.449132520904634,29.617788543461646,15.9427904552144,21.01632557079561,76.17580667754376,51.5589882370079,47.614071424186086,18.28226558473525,31.25788361151476,84.65681943088963,22.12257012800467
300,11.490376230889243,10.220845369153622,28.454941730275568,20.11880970982,15.74367751458622,77.34639178108006,63.621260629387535,52.374294652344446,10.55955369708668,51.209297116110015,45.60550687299468,17.63633695106177
301,12.05108743014122,10.347054781907945,27.85541440347344,16.681014673328917,14.514001655674136,71.87452183168104,57.06639883043927,34.12480254228708,9.083210712758486,30.052994665644576,86.84014752117561,14.019565861521745
302,11.646931729211868,8.6838659309173,20.467154266792072,17.21274411718884,12.578570157780325,64.21132646258908,66.01721951832388,33.72495869122536,8.679813874899681,38.81538074579827,103.23362032780048,11.09813749680332
303,10.444312360620946,8.898808215040054,13.893165618663732,12.759607069336017,13.271530099750416,61.91729643028352,60.7999807739472,32.108128972886384,9.845419552851952,41.49163525525988,68.29640990643014,17.743714347777797
304,10.662327515561616,7.491761650579645,23.50675544827205,14.168182896739278,15.09201665346252,124.28957742389724,59.839315289767775,28.36191137880164,11.798022543853696,37.07142387568129,113.79731673926952,17.9334325684236
305,8.92130436218978,6.744880923259412,23.27219144036186,14.83716388504864,15.15999569277208,101.0943147978226,64.28443748405707,24.111929557630567,13.309958765955924,35.83403541784385,104.7968439624462,18.85985477445832
306,6.970943804836432,15.784690701834505,22.012878544405247,11.289111919109036,23.477222363052096,73.63446988578303,60.31665261657706,20.18059571773312,19.419726283387835,112.8317114585154,94.90468510757388,12.056591870372811
307,10.333166562096997,8.919504708591449,11.069989186474311,20.46377492883657,16.88475490727561,23.23663572538667,41.50109036116324,29.807463963662016,50.42505575258047,112.8271404405336,19.312683133388507,8.65903286311033
308,32.91989508227962,7.657896457189923,24.49035984261512,103.65653154693888,22.92160248992968,34.3993322018396,37.959301060522805,65.97133055109565,47.20683300285501,61.49171385096388,38.050781789999306,8.222235913820535
483,20.869723636574484,19.65115342461553,37.29250719900824,15.758527561108044,24.075570432302143,59.1706688952232,75.19496327523859,79.38263995422433,24.287488732265206,28.98700771085436,18.235049230364336,9.441113068602174
484,19.6228302189576,11.485748834574949,45.075166143993776,34.31438324656479,22.457444350377568,65.53260146973209,40.227748391035526,90.3379996639282,91.13724150446367,42.3127838610104,18.06880868876798,14.55443517019871
485,21.11885593407037,13.330604618006708,36.90218641369295,22.59118399590905,62.02986789961441,40.82985933283916,32.38713711834696,38.51389964271226,58.6855721353008,141.57070686330948,23.775917242004,14.125599313959157
486,15.049017848983052,20.47859348896849,32.034703420542726,16.271750078387104,69.43438982607259,64.42864644840235,23.533108423009352,42.39536072433291,18.62695396269748,137.8403618155627,57.62230397897025,14.934468405742791
487,16.618666663626705,13.365309504750362,33.898513978201606,21.409053094871656,29.690978497031484,66.22376278352267,23.785581794019546,27.652938690948,16.082642227199102,109.21289384421448,114.9035947667444,13.5838873490144
488,17.237432184871437,12.693912042979605,27.97504413156624,20.80350749050184,27.056331931984424,28.7364052685255,18.86768890344289,26.56105762205996,23.632128057210352,108.60736441263776,39.1554785473945,12.278596645387848
489,12.791828398257742,20.04424473592136,35.31198858996258,25.6789287939428,29.34746384036631,36.29990084572331,20.162804631454804,20.65031650467383,17.551179761064624,137.98226705242143,40.58943366348884,13.54579581654666
490,30.08753715946636,11.289880203778928,46.58307810639268,33.48095663684163,36.24545849043338,53.37972547707671,30.06576399916496,39.72198256535148,28.88318012200732,71.22730918923281,81.52716251706725,18.6485382259296
491,32.44650359389797,15.915310547130616,44.30022503969376,32.58060906653013,35.89377054455791,55.4268517978254,45.49478775044575,44.95375715825652,29.29041538318325,40.53729169047341,71.45503896541038,22.67710923362024
492,10.748057249726807,16.435621663175414,26.301903496984984,26.59623851543052,38.69609403978179,37.05869384952968,42.25909589199843,35.278491590190534,35.6430007237696,73.44242901591656,29.353458398325063,18.80278112655192
493,16.48307326346883,18.53941610735022,20.95748707539949,23.023624759605525,28.24823562818071,41.99694829425288,48.29837312140821,36.08695540232272,18.505663504452336,34.214024772787,23.702255525157028,13.330313594426697
494,18.64123072776948,16.06252608736979,28.65604566811913,18.67357895480192,21.25728450864299,43.10859392494429,22.33622308592044,52.05695257333488,26.433788538313888,40.397667419537726,29.168678102439173,14.16495592528966
670,24.1748499167118,22.62916401610706,33.46646226474294,32.94738964802081,38.17773898868341,63.41016572513202,37.59543918888208,52.8495421606162,21.976893370672844,80.0256187321835,43.84953678473493,28.477134731375543
671,24.51858917485164,19.51277895576412,33.89490216443466,22.487139798374425,39.086131804390334,91.88991794960177,34.198800191972964,63.40631433222092,21.198251721279195,55.43240888545392,64.61697362062635,20.783792095310996
672,23.387901269969557,15.842724466022892,49.029873784529926,32.51464644474212,34.575452257684404,171.28150853596617,38.39779181887098,42.1532879228056,26.63936741072577,51.73894799075535,115.45495878462124,15.667190888590792
673,22.4602403311037,15.48240078425472,62.86206072618214,24.60618568305409,25.84319971677169,139.44999105133647,37.80448723244028,40.93833897046465,27.389362335370137,47.80972306783437,99.80680602536636,18.995407483165906
674,24.24534325545324,14.018380454015414,65.99951587049591,28.518478698516468,31.70386872114305,130.96591705049823,38.3133609761594,29.58409012751252,15.111563083625317,43.23000982168273,95.8685393685335,15.469783502229363
675,20.78835815278848,17.922078325701044,75.07078772441874,24.060480830398287,29.456564756101805,123.4963910763608,44.03579043842548,32.93310806591536,12.87313401177818,42.247896699267926,89.1679089146272,17.94759236219268
676,19.35735841952256,14.092246864342298,67.12555801203003,31.545374258753125,29.48417722469257,133.29051909311275,30.109809969851096,34.437542609908114,24.82960821617844,44.43975738590196,90.83510944394796,17.65609832171023
677,24.59036016604981,18.035627871980186,47.33461031721112,36.47683953842096,44.531843867018814,113.21221252601762,27.910475741411634,39.971612523999376,35.58617926433461,67.95152828937226,99.47497587221734,22.34505510011512
678,18.558508336674123,18.66783088520845,27.41071859679449,38.129101306394126,36.22914292713966,43.742242741584704,25.985208693934005,34.90196707195716,42.116883247915645,104.10897536947724,45.859921579844574,18.194838501326515
679,21.481149141415703,21.50221953266491,26.48857349280749,28.993952917111542,30.369712124613123,45.396225480277856,28.643850581131048,56.36798226288009,47.64167851151301,46.15362897965454,24.09601772843415,22.83586161285793
680,23.006348152210272,23.777509984806965,27.48996816983652,36.346980506340586,27.81381844887857,44.62794407706767,32.81920948837603,76.76719617786803,48.37835042316648,36.11232310993528,20.46238402530144,15.752351263932924
681,18.074035968664965,22.88527506861351,25.71339008662961,18.1606494373627,24.11354862550208,46.078972459185856,29.25785015331519,104.38339108913615,58.57764045951888,92.17568002828656,38.2730583623664,14.953298349204903
1228,13.066552137564628,33.99557407954138,39.39196672543499,19.867987568543985,77.94300282885074,52.12534293023474,38.64760573233119,46.119712985133,19.15730191672795,119.54633746651828,18.044794144234487,24.709051949916905
1229,12.357038493460363,39.78582313864993,41.287298057877,24.141408847615686,96.9062498548892,43.143791226676015,29.787604662553168,54.96436267211783,20.95677706930952,134.76128420322507,16.672566839602954,24.53443055988932
1230,16.14161022952082,30.92015452056932,30.68604275215189,36.19018580791232,88.12319840738343,72.36797426792249,36.992898958268086,68.04791325855595,20.64139863415669,129.80875313508395,24.760540044967872,24.627295524988654
1231,21.99146105451977,31.46715121355953,28.1891965629474,41.16165337987338,58.826779390468815,62.393518508086096,40.50341914376634,39.9739137568419,16.800369107642172,92.47888292900592,51.04724732175039,11.241017728119337
1232,19.86806114830664,26.8170255676578,22.57857615678678,24.832958264071845,61.35101129803724,55.911258940970086,27.95378647410372,33.447174240160805,23.725225672598366,127.85239125183898,40.63401731424709,16.853189603372147
1233,10.923820067221108,16.659648674743007,19.88101297636849,18.71814425513923,35.086507441596645,30.984836848979626,24.633813986478444,27.21350263648788,23.341268588424168,124.58106425889224,36.68325621716191,14.9068770424255
1234,24.77637100629811,24.886585493832897,18.241815043613776,21.386382072369702,40.64373494545288,46.015517117779936,31.95108521043134,24.942993281075896,15.987865556311665,144.19352501588466,56.60633918580035,12.630556935339964
1235,17.631568923087666,41.358496958835886,16.93711171927985,35.35901722235529,47.45652087624073,36.23213924951785,33.75568124008508,25.774767642368168,17.652399697403922,152.6923881286217,31.86408907312424,16.947152265540208
1236,7.730956256935923,26.786336834447766,17.031299995951475,23.61842630379157,32.34381213423696,23.56412129034392,29.02467816179462,23.51874343362213,29.948842019456464,134.66588861585163,29.86311174850452,19.70965272935133
1237,11.869516144957156,13.654628442110292,25.700275718359848,23.79690033033808,22.59660130673824,16.702145000627446,23.613166883005224,36.91368270554993,55.49738671157453,52.96306637153939,12.877480682685151,10.508639674599229
1238,15.648926302218914,14.156466793366397,29.258326197251424,10.084127867635203,16.651725953456683,29.81051427615328,42.75070101351674,92.91413069981792,41.08818134467712,45.46398609944407,30.24598673427674,17.16306408554961
1970,26.40093358913572,29.25562455087917,60.72960142472776,15.232134561118889,22.976541740090774,99.29368050798524,35.833015906322046,60.30912850988334,33.83095767889824,19.346848092404205,18.001816436384566,10.11598464304234
1971,28.428802951283085,16.566000749500542,71.54640441429342,19.49149430619274,28.19393762002897,89.8354591382978,48.04064151719548,42.56369285348092,23.24478902636285,20.58489648791448,26.96249614869656,12.854166807525468
1972,26.73615901902497,21.40376994662243,83.99791384762878,22.663855770922403,24.006065538104085,70.31976819960451,43.57614943405565,45.86653578356404,19.54278672946832,21.551049956536296,26.86114439326852,12.482376487883728
1973,26.258902624870004,14.46535936988578,68.72004661883804,22.35787533777839,29.95645278311916,97.7779434691768,64.90625742969377,51.27214641091237,28.92145305249795,20.87092203254561,28.628803836505647,18.407953594099386
1974,18.511020822262136,11.59018429075808,42.22490640988735,22.419555650287126,37.33435238500099,71.34566267962767,58.26282868922672,39.38430788857544,30.46528628320566,23.805147846592927,25.720513241983006,16.340793184288422
1975,16.66572023231906,15.328807011652582,35.494067574790606,24.79535207821169,35.68694062185277,58.48265781160112,47.18475150861489,39.09797399088043,29.27965915511169,24.819510879209904,23.73408945650016,14.722847352820972
1976,18.619463877649736,12.514787280590868,41.570559341899695,19.07511151323754,25.551763669003616,47.5950405019124,44.7546734021365,43.29115101314241,24.04481183078373,26.275710443276044,27.33448320430528,12.779975762770718
1977,20.272966062536486,16.140078271506997,31.705636539964647,23.84217605053288,22.05744193793719,40.91243053845091,46.95029277037816,47.277638576277965,30.277204811407664,26.89137390717753,28.656859790128756,13.286205471575345
1978,20.41706207068257,14.53181685631752,32.43123644002338,25.923175651664646,24.37159524730408,48.01413548739472,53.82669784010009,38.338143871012726,21.833450772656885,29.56574458107903,23.0514504531595,15.372139047322827
1979,21.0420525519192,12.776391981823751,27.528523120921868,27.67751216268263,30.252612322849824,41.68419993586253,48.235607767564446,31.23141582666696,24.20073583772175,27.93040170929855,19.68281698310724,11.60216095545938
1980,14.034743798216216,9.87774624132686,25.829542556231345,20.26041167854428,16.885946318247363,29.66787940106341,24.40735217326761,37.48480891769415,32.13290254191388,20.266644814945906,13.340551481380231,13.043321246684751
1981,15.474136444214365,11.377745898368136,42.203675506706766,34.79146826476893,54.26853603723293,22.654199224955185,18.42906537315466,45.666264445052775,46.29137593868762,35.447572288859696,24.0959280769896,34.436421709370926
2160,43.944312232984906,61.105296143571664,60.43210742122318,78.63261300010835,37.2165889613939,76.10913439800038,51.2103733090047,49.5012845358992,27.380909512363846,36.32937709673599,51.890708851131954,16.000933571494755
2161,45.65382987102432,74.55863360869483,62.867267274488405,151.39525668673912,52.11651846381302,67.97195094778704,58.19245227559628,77.40419143870675,30.94814692573896,38.11597775677852,85.25930589043833,21.18152340011544
2162,50.16730288733861,34.81278957766527,147.867961962514,47.562646232090685,32.10918326492763,74.53430356182697,84.62751156151408,44.773119800304514,21.57206147758391,61.90770714342021,40.62567943736869,22.65517937236656
2163,56.999262843971,84.99504752801401,102.10867892679684,26.161160874625374,45.69301509381162,103.61459333411136,40.14482349914558,33.58245620791712,50.33629664562272,32.026101206293085,38.45160595315444,37.13727841646583
2164,42.70354768502119,40.17456840986616,74.90457015879093,34.59705069666757,42.98232952456552,77.66622508182793,50.680329375451215,55.49899603974889,30.12063901591957,33.957006893485506,35.94082810031618,26.887506157293696
2165,46.37657358999728,30.72847338980844,52.21427473390467,35.10836310856552,41.324036171612086,60.55606916935652,45.807102760905714,39.31983180314966,28.94587880655264,36.061671014652894,41.34664311594136,23.12602234979183
2166,34.717572637667594,33.93884783174888,31.37689617270744,28.79049061672816,44.858920740678016,60.14888255142287,58.496039151185656,34.245639507065945,28.33807566358464,44.45689255234037,51.12179614287101,21.614322303353216
2167,47.18563175736402,28.98003693113388,44.19741839298862,29.35344640729092,71.75468281122821,61.34149431241261,51.48722843614617,34.51246568911689,38.51880864516798,44.93508285317432,52.119338081092266,25.75904227430868
2168,32.54017911035804,26.865535927105636,48.23873315298136,29.751721115425585,47.60219093719412,59.418417406041456,50.30126009935884,42.10034801507059,27.97786997135596,48.46010153872405,40.208670321459046,21.125019874175443
2169,29.553990962705157,30.00455051300738,52.69076515513396,33.111987950265224,40.45137681702841,59.601387765835895,51.918930958822735,46.47651762505717,35.441537326842386,45.61961305873856,36.073798487138376,20.141632594525
2170,25.68636474565828,26.460725960440705,52.85374290101416,24.852852878688523,36.84558885019065,41.29654770974341,54.535756333192815,43.05880355198164,35.695073906161845,37.98959771742709,23.01201285443512,15.933028225146936
2171,33.59202545836181,26.22164864404679,45.17117263229942,45.049135306122736,47.11697279188285,52.17538328084948,40.944802036971616,81.18989433811801,43.9335424573104,66.37486247335461,47.21981404183525,20.029163231514456
2172,39.52915702596528,19.42991233383496,49.420076526414064,45.03342399686485,98.6627731938178,58.54092664011869,32.089256408549545,70.34297774536138,93.16732534722212,76.6609644760586,29.81167324858604,42.45089709985263
2349,10.55463077250951,17.488974896215886,20.565950910259996,10.779285165597068,51.74597475550062,58.48565268011031,23.500912503838965,51.88493423830587,17.76116473738518,146.93960341903752,21.940859369957305,12.768970271248502
2350,10.452346516851216,22.81246039333641,20.391378868875407,13.808751527183018,69.17481814848954,34.48253485455143,30.99182169308113,34.016438986063406,11.738592995161664,159.17993820225325,21.922676159656916,13.655576542642
2351,16.64813552364712,12.3358075365876,24.750272292058423,25.606381386295205,48.79548984080158,50.68695355232506,34.93435759408237,29.091951806786536,9.308318054264973,140.68401925819202,65.63147936308165,7.334172110575365
2352,8.838486330445614,8.82106518420247,14.136878398482049,9.601930812179786,18.916643173440825,31.57911044901669,28.388359515071336,22.121233757230545,38.540782916583446,75.88694367689774,28.917574421359102,6.637294772078196
2353,10.947744854552628,8.996590110406084,21.50566443034163,12.84960391275976,16.046730879508402,26.75811065618316,26.911785689720524,39.62305716244858,30.59639254164328,36.58531560195989,23.15120500377219,9.407324015906466
2354,11.158853325354368,9.821387904999614,19.378602694366126,11.323980805070354,14.924275593235263,25.068176906810848,44.40532976950456,38.47088895487419,31.953779617715,42.581231832338624,19.633940938834776,9.937648157401297
2355,11.290120754225974,13.922798063396687,13.89988574872564,18.19241407464157,15.988089109496752,18.05210120782268,30.86400397605668,21.32329897598278,31.034956236992212,173.4438703602426,38.912124927502965,11.156677912081086
2356,18.37988298445789,19.36452620392921,19.00576471859963,32.52195887332332,15.790692716977183,33.164844621279045,39.72211267857667,37.36681318407113,30.585419328774293,167.97579829690517,85.604308733937,13.399197805455048
2357,16.08548347734743,21.07434409451965,10.467841143055544,38.512548734818296,20.65528328944246,21.81924993782077,38.17901293793872,38.02682328207968,26.12227390337312,183.23353312070424,49.70696300204521,18.47737678393885
2358,19.469579161885104,12.816464462468495,11.592197777486335,21.32991311409708,19.19057634119845,10.473516487987192,26.484506932691048,29.57668512445792,52.756907229246416,109.08504096057683,25.40625123840245,8.880574277319852
2359,18.65766442841879,15.888304299636753,28.5563143644404,12.195815762238192,21.11869702905654,27.47810016275218,17.721376883758467,43.9366755239307,58.69791933863382,57.79936399298701,21.034110047371048,11.604212820253029
2360,29.51226662991549,11.773984737565875,21.28804639723228,50.70939159528445,25.264757953218076,13.23615142768496,20.46621465524997,37.12864610546236,77.98843705833849,77.40435335902734,13.868437644222222,10.61489703043335
2535,54.10223504146799,21.694337013191337,33.268112331535534,18.16132622403149,24.35794553239808,80.61062885826736,25.67155350152477,59.28541631466855,21.870244863117225,42.78491251813032,133.63558066395478,20.44294551785452
2536,25.983043553267823,13.869928173416609,35.272991111724494,19.11336904228037,20.98617790533928,70.42155502548229,35.072221696969635,35.57815682304208,32.22301387340345,46.33187293798359,115.1559009002423,19.0694963373328
2537,26.082859821443098,14.565789299381084,46.96616247747349,26.939632859466016,20.251837246600445,97.0927149312378,39.38943733050992,50.50899877637279,24.024795213607927,45.915813835649566,86.78633524424345,24.23064942426827
2538,22.18021477414084,11.404454713148972,78.1300621364806,21.41315390695334,21.32206009282165,175.8911526558875,44.24697666508539,32.638971123302866,30.72212360201428,30.225725039284743,115.4209531720778,23.238340935133927
2539,23.895479300093488,12.46475118709558,98.63531179487074,24.37508429398141,21.89435875654052,148.91385251274423,41.89719317941685,26.695424759731047,12.507223435883429,45.32917269841773,90.87180397787488,19.489946101294933
2540,15.668070201903326,11.759323191255255,79.61644881319236,22.92250287323216,30.760686495485132,141.33609710429954,39.97445019557948,26.942307848991923,10.584674742503712,51.06149498155671,86.0813891858895,18.722003678771635
2541,23.017168927879865,19.037741351107098,93.85109530318844,31.09107005695239,30.997483501550008,126.91135575801972,35.643731613506645,29.9977180466418,18.95276637551361,59.77273207305103,102.96692124595882,14.573289117597064
2542,22.1198600896452,15.328952999670786,65.45608205512265,36.90650920047472,24.652425949881984,140.70062293632563,45.696454827167074,47.530941958743455,63.38860491538058,57.953797122289245,94.36348728100565,19.818175695558992
2543,14.864286123132745,13.133707220072436,25.059406608721503,26.735530867276857,40.605162342218655,51.576613690857165,38.935360652504095,46.35012408767577,48.45110964640101,116.08746986001952,38.10431339957436,16.524968645651153
2544,18.237599985349316,14.887525871354535,20.8813346922918,20.211209849269984,16.4780571443395,31.21941196644907,40.13717401802555,58.22184111554698,83.1176160634993,39.43034557385791,25.825394692375497,11.872453229805704
141,16.267360349031875,7.713305514234428,5.629067197430851,22.727437754465484,18.108662767415392,18.44532574770088,15.277984313919749,20.318562203903863,10.490706911827353,6.82917411003042,20.88198261680732,8.66857622095814
142,20.174073294391228,11.027524614605744,8.754042481750405,24.51633302815166,20.780461578984195,22.146471871094416,13.588699413425736,24.92180893499668,11.23909581881268,8.237369376072524,21.842909195714288,7.934658620118939
143,20.220363423865063,11.715681511553944,6.593675713900415,22.256739202679995,21.066942577326223,21.094606711134045,12.281083489447647,23.76248596630499,9.462275361046652,7.677633456761763,18.805269345440625,6.802374792743963
144,18.106313275389105,9.590938960202251,4.217761339710261,20.817003161865223,18.227273319571328,20.626504490935552,11.376108250076404,22.304601796361847,6.951535255944606,7.2608455734947,17.991825651092775,5.936239111646532
145,18.09278991316552,9.282505738432254,3.806276205289487,20.51827506601679,17.740510928905984,20.27002791564543,9.636143485896604,21.30451817287917,6.006899562808446,6.786546935643604,17.477117928756556,6.078833287497029
146,17.98496252614974,8.930284915095008,3.7991118603770873,19.56060862057404,19.81098090563584,19.567671520719504,8.563266128184388,20.826038278811083,6.060436232072826,6.743763992827495,17.621399097343883,6.264966695647962
147,16.68177632116709,8.545997103786503,3.827956874071532,18.181634917963045,17.853670698763292,17.88375361405405,7.949229517677747,19.55967411167243,5.359147689549166,6.26708598304508,16.498732287258402,5.4930978006460025
148,16.07751138622959,8.610371303038702,3.564466597667006,18.09283230116902,18.783343348925104,17.22672389330718,7.970240680046566,18.7731328414619,5.21195892268542,6.719214108148065,16.13805772565202,5.517897697631442
149,17.50311129936872,21.694213399504047,2.885145028828856,29.2248463525231,34.091047718933325,18.955177401932826,8.778855212281918,16.496111105547776,2.8134855656661126,16.38027829662087,18.77462106699788,13.037190829470688
150,18.18130769410693,13.287636369264172,3.6513718483839552,30.8422798758714,37.38077149652516,20.251736857251053,8.789286709838255,17.29535134239655,7.024282050922342,18.089384716460103,18.556466244909103,13.8709875787405
151,16.638595117945346,16.142536389957712,3.557191511592165,25.087601490475286,33.023776356748414,17.524551787141778,8.268977401251153,16.265932291440954,8.486030177106686,17.044101695345148,17.017382761426546,12.323461895617283
152,15.833381330306368,13.842741845030476,3.5756411649785647,25.384233185051404,31.84193848650373,16.734131387968816,8.596271335484765,16.3840985424575,5.472832212106884,15.858620529292088,15.727451963120808,10.609720054510946
153,15.617004623847464,12.371398261796964,3.50059145678502,23.166631984913494,29.378011098680783,16.793509930411957,8.47381593267099,15.712004817005116,4.280842672744553,15.378885534061764,15.348195007801198,10.39699672307768
154,16.4377180069459,12.7961523394375,3.53815070991192,22.86194217595707,27.6081912800534,16.95496789080198,7.710965732094179,15.192564497762325,6.758840581453321,15.20784863934484,15.189824751771404,10.490572854364943
155,15.948360982401065,11.360797681603945,3.3995650561961157,22.263010636283088,25.1926359526772,16.65473406759225,6.841039661434968,14.874663586776164,5.728089170778454,14.746870138240032,15.573988425863307,10.92197854510774
156,16.823742683635736,12.303076358435582,3.103295874366357,19.13957629741201,21.50144693589161,14.691344580976576,6.395697082030106,14.45045987329248,3.1569497167492617,14.613834558652204,15.5519207076265,10.43825523837378
157,16.65188231211479,15.944664500651257,2.8461457117808475,21.85130865029906,17.55051945270713,13.414654178064389,5.3144240981342845,12.290034530764371,7.273226217902826,12.55264428739114,14.662798052484614,8.983764784354785
158,15.973463805547825,28.07050378127819,2.9881514660012543,24.46209415392231,19.7662387590016,14.833492864717917,6.109909420606566,12.699535161072392,12.080682839986176,13.32086247419076,15.099395189578148,10.762450828202606
159,15.5242740208651,24.617229513146352,3.2723566721388124,20.21769313506133,21.029790422871606,16.370748833739302,6.655331404714252,12.729122626477489,12.493389547782945,13.46915594518297,15.506858231966048,9.50755546377799
160,13.259432833911504,24.94301475248968,3.519459573544521,25.926151538742488,21.867176441152072,16.98911035064982,6.5772793951266735,12.834217772179604,12.105921659010022,13.095917830491375,14.65476464788405,9.508757951386448
161,14.98308698429516,25.050175236791745,3.297800646432515,19.485030970175487,21.777991654128087,17.513645883802205,6.155504845892627,12.306111493469128,17.41229023466193,12.423709332783252,14.278102949481942,10.446007816399147
162,13.948642625712775,21.291376295522102,4.139306607718448,20.94357181773351,21.81329850243143,16.982072875003126,5.928513343698,11.816688327083636,20.415159045414825,12.453137872758813,13.285083808420753,10.513735143629354
163,15.007269092833017,19.712421687449048,3.779398117339292,23.550496794034995,21.66262134734325,16.140757374348794,6.133696147157201,12.330466519920048,16.25541549974948,12.123857650589452,13.079531734753717,11.215100191034796
164,14.169522299574762,17.545002251113516,3.2154246335806573,21.096104522249064,20.13841040177618,14.183564003532528,6.293518026958918,11.593504148001454,15.609719200141322,11.370956166830672,11.88675350092578,10.247632227178125
165,8.364746959572098,16.42436551724982,3.258573696918043,38.60785919693409,17.947892245883406,14.705720653941508,4.08996985259806,8.191365359261912,12.468640304189298,6.717262793794442,14.917527071549516,6.779957585222152
166,10.309156971097863,31.7506252839106,8.304935540832565,52.67108325139812,19.23896108093858,24.199310712754677,6.448204293180735,19.781209605253967,14.10015117638532,9.565678486138411,24.59245331090233,8.373854124588178
167,10.008616418261516,24.51528710050839,9.134145619306512,47.0980115900698,18.39597721647652,21.24038151186344,5.4862702106346015,20.3100364698012,10.334567244086465,9.024273388503914,18.91106539703923,8.415362089523745
168,9.709860034595758,23.850101250101293,8.455550454186978,44.45842892757298,18.160953250203555,20.92054167880657,6.134722040508316,20.955527808489546,7.397187641143752,8.826587845827158,22.191877756172943,7.186007704356017
169,7.565638183534294,17.14330795481125,7.786124676135872,37.05475552834517,14.72711833361717,18.106287795100293,5.768222857435756,17.68018805581123,6.356854255504212,6.981044841779081,21.15374448599904,5.543646156027834
170,7.781575231701469,16.15009495187852,9.361431964063556,37.165881046514265,6.440440889898873,18.308915436131034,5.563293328898516,19.78849159843666,4.635537850562128,4.227369726087039,21.87860614431799,2.791787916804324
171,8.529651214572496,14.8800021985106,9.135416532289572,36.00316584857677,6.145210328271868,17.382348776977263,4.624071952108583,18.65508488107255,3.4017190619885462,3.820323552436448,20.419941557465137,2.8944704715480007
172,7.204083164449377,14.052361312251271,9.171419321530555,34.632608683569785,6.41552623702302,17.181736361831785,4.6286010097828205,14.362427441143492,3.010512273892141,3.8513944452639857,18.25515944072148,2.7887010578799054
173,6.071527182553489,14.39214074142098,6.1627728422086445,35.797023786640246,6.216370247226718,14.0239874280949,3.861244675687064,13.96283207467522,3.875913928528117,4.08975784116596,16.8216608330619,2.8266484111048262
174,10.973296845777652,34.43865239854868,6.218375228775269,34.5867865764447,7.3130933908763645,19.514449708817068,3.7305251345964976,15.001049449479144,14.382695502685923,5.139106011281463,14.041398556565584,6.917571884757048
175,9.577918521329746,35.823469384307685,7.473715038042877,37.625007434356895,6.7241829742506365,21.48364736913116,3.7271278971452353,14.68734208933714,17.422315830017748,4.426128497292469,16.569962683349953,7.654020180274592
176,10.685096865131106,33.556412827670655,8.272225086549737,26.49560837437031,6.877362087960252,19.38675277858347,3.603485337669588,12.836006865072552,18.08960835739322,4.223440129281319,14.687300769509744,7.244938810734712
177,9.986606352868654,26.738785510029714,6.016660582063647,14.766860935560828,7.351727032390394,14.584811803616812,3.4337331414234726,9.431009255242577,17.366351937267662,4.15756633199464,8.483304318339828,6.733133543877061
178,10.655481520885836,22.25725877961648,3.8464256335719536,10.953033133559982,6.695619270983934,12.445013973233747,3.46655652763124,8.247749230674994,18.336443754648474,3.5568844057176165,8.232515751492553,7.251541504895122
179,9.320511322655337,19.927983972404377,4.18835631596424,10.971457528314335,6.369998387328357,12.928627966423692,3.115182180078077,8.555141860667215,17.4159180096406,3.521022129795343,7.843069591659648,6.35044496661984
180,9.503587575150718,16.470675153560208,3.086383427170857,10.87373086589886,5.906782299074194,12.429845364585852,2.9471279129244103,8.272149817814908,15.48767968271907,3.437393824763361,7.509963068600126,5.634304517872885
181,6.463224199212713,11.090514943659624,2.4211113235861275,12.881076285023177,9.386674050410225,8.937815526569654,2.731788294523504,5.857279230906597,13.445119635948648,4.64705313292396,7.481222145209382,4.595002637702787
182,9.052672993192008,19.03749855827275,1.8610741728365467,25.83488055918397,32.466854808539765,14.051043057010096,4.379056016497378,5.368561005914044,14.732881387774905,15.492731469480752,10.877985439842256,12.563855455188122
183,9.114309663924528,20.470811667239012,2.6089320464980306,20.575797148959715,29.019837740969525,13.771880018983616,3.6411319206086974,5.707647061342201,15.81511625334874,14.977109957777568,10.229040560516626,11.061798240711855
184,8.072598479874094,14.975461166355863,1.9287650566961885,19.660481221626835,25.85303884962427,9.675213827470408,3.2811667819492687,6.084607979028881,12.872836457804349,13.699708042833388,8.89574709550966,9.124885441392411
185,5.602096420988258,10.99909988306952,1.6141559016098936,16.06577953961873,25.26204656265358,8.043428805388473,4.040318111436648,5.871445054519459,6.947978121641819,13.377358762511715,8.363877397474045,7.729612896737041
186,6.366762360727904,10.085279874286332,1.8648883461012384,16.241096591501925,24.652280654182928,9.134511096848978,4.287869452864514,5.760785057925705,5.466948244228679,12.447246995891655,8.212407205691004,7.648633542798832
187,7.150787071547249,10.581663523411033,1.6456213795320929,14.674758635479556,23.09412706170889,8.691244842231159,3.4351895003920414,5.274120608742352,4.4504318020697164,12.109804019348676,8.420475989146249,7.76488887736313
188,7.644733435519221,9.273902681443207,1.3802916619403582,13.680529170734152,19.60194854928669,8.88479954263546,2.4525452513441115,5.035746750257276,2.758258152357214,11.897376886663109,8.46106811537597,8.056425341656684
189,7.753914537389064,9.6305724554139,1.4088733516623493,12.274126031068608,17.86938648999151,7.798414545665936,2.159729354764932,5.186298491824185,3.6518253191901833,12.152485193732096,9.19360914691186,8.320629361991639
190,5.114423193052356,10.7497267578363,3.4403985793369927,10.203066294887671,16.278904053599025,10.339455337054176,4.96947152232964,5.760220845936931,9.13936411633008,8.860876075566665,8.947342796629668,11.52426048210534
191,5.37846785349354,17.653830105110487,8.051743606526992,12.683233288826749,16.70201020476347,17.01035704155743,10.827056774401068,10.548039309181847,15.455728714756816,12.33671402871204,11.678159006468292,16.101768383613457
192,4.319472814702104,11.796679834430476,8.029955255038496,9.663417574945283,23.11593364758064,16.346055091834263,11.12271754403552,12.165335849179437,15.616459531077984,10.107452984314191,9.301423687469804,15.596190925238048
193,6.615569204097422,13.359999046843535,7.848706433965313,10.181477351871385,27.19356101150628,15.58066050948978,12.940116244646338,11.92232784165718,15.310455359373288,11.518412250731632,10.502312306962164,18.611305907213783
194,6.570637741629049,14.033945189782845,7.139208290354161,10.880113083676216,24.807454814781856,14.754063089868756,12.899262583864852,10.201446004733176,15.163182646279235,8.845008927749094,10.526673929974717,19.703463359849145
195,5.247777001080816,13.440853211778684,6.22269911056492,11.003198508467689,19.407099067547826,13.510804915928972,11.162021306169388,8.961085433534361,14.106035353161776,10.209139443600696,10.135756195421322,18.15024841568392
196,4.666698835981816,13.679457570022391,5.667749899582449,11.010517503084683,27.109481332300412,12.584462221972313,11.384388189159992,8.221203254052929,13.00813742341559,8.07713457000939,9.260873193925162,17.47728703506968
197,4.388573150366584,13.120048615752406,4.8109765173758925,10.480159148514767,27.381051544449463,11.071751008101383,10.613539778934255,6.847837639722854,11.987459971545576,8.38849723791682,8.297026261076864,16.587745948810117
198,5.154598788909554,7.985048532578781,1.7504691294763444,11.382911762472192,20.667232669065136,9.752880473317653,6.507088198522919,6.282213456213128,10.481850246978087,7.2732401344217585,6.989940652339317,8.939094531915917
199,11.662669403279388,16.315865402248157,5.097261745158884,17.564993832033235,23.40357064228428,10.747757555500607,12.301377340025798,12.080228172319428,9.252752756460223,8.673575756588486,14.263598688903704,9.87591510522154
200,11.385208327845076,19.673855785368136,5.66730778882402,13.915152859700113,29.146349540218736,9.304361239123525,16.279095099242404,9.556482926373407,5.835013992490873,7.5252542859079234,13.035356099942252,11.583060454249354
201,10.447337720804736,15.038235545668664,3.3253141798644483,10.321714443816823,24.53777929462821,9.179846202995623,13.374483569515697,7.798961141715014,7.4873576101658275,6.723088336102929,9.304256162186457,7.42793789723812
202,9.344333438112276,15.973160721895177,5.5036907786918245,12.762773175602725,21.08748750544688,8.35530356209147,15.725144290923408,6.404110750211953,5.630079432408033,6.58229635284134,8.394422872835364,7.00357507064885
203,6.935018486687929,14.60034852020321,5.274127465694233,12.268021960261082,19.801888505631737,6.983706648237472,13.3411810991203,4.510981291770447,3.734589327968552,5.7831269900208095,6.6667649801181375,6.351765456422034
204,6.560289279411348,13.143510779564346,4.460451505125798,12.456850015511248,17.74269101840111,5.908893812296464,11.72834731443115,4.547125289431819,3.4650847404071667,5.602100899079469,6.492093075113022,5.902287777732136
205,5.711245800309479,12.579043494278627,4.952273984857352,13.034533782356004,17.549607277117342,5.460028435851984,10.523284913289084,5.6345490824593485,4.342491598394697,5.538580705481098,6.621593448323906,5.730852421315364
206,4.7605588136068135,9.892952766151982,3.8155843888848655,13.317299738738615,14.929009228848535,5.43358554679215,7.448719275034305,6.742804896733795,5.22849337189006,5.4674406420410255,6.672591734966916,5.270045401255743
207,17.092169649608202,8.06536608742122,2.48410597710914,21.94553317901976,24.72143901709463,17.023673418788437,8.709261426708565,17.632968665529113,10.673856125095073,8.959981035806804,16.111981343969866,7.304836185595055
796,67.58287564014456,42.76583855014358,91.92721194490024,49.17927517992664,49.186561939145925,66.04922698340006,16.600031933758597,21.875483118911266,40.53124986604179,45.44022847618714,59.727746986003226,10.42193710233713
797,57.73105926552887,58.543388838172255,90.089349542784,41.769103643932525,54.59799636252367,63.72338313697422,16.631138956141307,22.01101115536777,39.338904202887896,60.06615821270744,53.750694219502144,9.770513722830492
798,52.81097183655032,70.38639590319809,98.93164512225044,65.63094621117605,54.80272013490185,63.71822852842665,13.653041164707588,27.16574205842024,32.640717424583045,73.69935495001741,44.483650607069855,8.037494296244803
799,56.000478625388325,52.40069268505557,89.95250076710094,64.68873293205267,78.15301787869198,59.88322547644817,14.454412222085985,23.230634957576576,31.28978331152045,69.8989111188556,38.130550395150486,8.578147303250175
800,52.06383840124787,45.259213140325215,88.24343646219567,74.25607756870244,69.67163693100551,65.03583888998291,14.22143573549118,27.79526058724994,38.47521222621338,67.32842099799656,39.87462638829796,7.365908773428455
801,51.28892128420284,40.64756514206292,83.34252759401363,64.97221779207638,65.76951726274004,59.21069586502354,13.307825498016856,28.009390181984905,32.53570706287072,92.366624363936,49.9135851163506,8.860960875722721
802,42.02229665276332,57.75686339595806,81.79534961997142,41.065269215040566,62.94272833314372,53.7134552352976,13.204754257547537,30.432489355019143,30.877531143155128,103.4153584516216,49.113057228712506,7.988005700120814
803,39.26757816895531,70.64858153433583,69.37331932784446,42.35081097177588,58.18646112178699,51.112535308418224,17.771712993239035,22.945918957966057,26.38224048769799,102.2206362992036,40.0663993905801,9.034521894003692
804,54.5619586852984,53.573274359608725,70.02543140728591,97.87928834216883,57.66988879209335,48.85502457614164,21.85901234042547,27.416667779973675,29.472248246955875,109.57322073082476,29.985765133235283,11.716142037204216
805,50.35877982674204,80.21702449486227,69.32842378113695,103.98934148021868,63.93593688237548,48.85728602075776,22.273054026672025,26.2362566136905,33.81592276211346,90.62555129082284,41.37910283031104,10.70249548450734
806,42.50035318463588,78.08745700750265,77.2332060594215,80.18480469831489,53.72395680659872,45.01380206473682,20.764373674817893,29.42161344448848,26.493671996423554,93.00727921421068,22.5272521529772,13.057148861496124
807,40.29560138938864,86.70616443570694,67.59150942095401,66.12796304064766,64.36990661897362,45.529070459982655,17.155692714322967,24.72136582153973,33.56506433732867,80.63689014356527,38.076487587337134,10.197729874201691
808,47.93532746940984,70.93954527463488,62.22249850891304,87.60994853146624,58.29128314766919,41.9882147876389,17.48958725642006,20.505065387300533,28.048393777169856,93.03640211155992,52.65566343832199,10.700827121745304
809,41.39802681366808,76.21107132370355,58.07133772497853,67.75862688009204,59.05595409834111,42.302723335941685,16.905446729795266,28.35088034105801,20.97494603236713,127.58638903134118,53.98250551382666,11.32741511349294
810,29.59979805936788,86.0547054271113,70.12676891317956,106.50213627483537,82.66099274012474,41.079114265154246,14.062586984622351,25.036045646089,36.64823124954709,120.05371146585512,36.360131893923615,11.612290078322648
811,38.94847495611256,95.68119299097177,52.54195277474046,73.54892028129805,75.23943867410149,45.15525497481259,14.775706443137071,24.105104884438568,64.26843154179873,113.95170171424564,30.51415437241751,21.478592023848385
812,36.53850964689386,115.20767862768167,55.864730871128245,62.43934538701718,98.74041410281868,39.232244612728415,13.681017601674924,19.762818172142207,67.12446004777034,159.0883506004544,34.301876243068406,18.27050298566892
813,32.46035125326986,117.11800844036412,67.647260979632,102.39826631013392,80.3121411748835,39.68828184667813,14.922776798214096,22.90003160175772,50.64449525441916,162.38702931309868,49.239867735330726,28.815391202765525
814,44.61235392524781,80.6937315724371,54.85473390240159,125.97225677385411,72.47798909126614,35.7982621179288,13.738681958292426,23.89435319024053,63.54633151067974,141.21088417610383,49.836771339126166,44.08732198797604
815,51.880478064786544,107.73475686180755,59.51326423623044,98.04487343041282,60.71592118307964,33.98772918559275,13.623797438351048,26.11191775282608,48.36265035581128,122.9878578829092,39.253640854350046,36.31890717174929
816,46.53291308392475,93.555542387853,59.43616521521449,76.69092923349896,70.28777369982798,33.837006501133764,12.822775859555204,25.582385401114635,50.12255091393475,126.44513172929577,33.23532694315631,34.045806074953795
817,51.53417281178732,129.66135341982175,43.13479377516714,126.35651915282888,82.20507571859208,29.939921740820047,11.58397172266393,29.15625590870089,55.27188725815991,141.26656972918732,35.909027617536914,22.273550598256747
818,39.529653013169664,75.53234817516426,59.31636128516265,131.6330861057629,72.32748319946927,32.66544612727601,13.066343639148547,28.17401042755088,30.086882640685385,136.6329275741652,33.637627437126774,17.140279214611198
819,28.050650153248053,109.49736835148954,67.13985903888808,98.51874611464233,60.51298444912139,38.06146059394561,13.079927954086148,41.97442816211127,36.73400970131375,103.1312407809332,33.94072550768286,14.684688907482991
820,34.65239666684137,97.55289375257928,38.91333558977893,69.15385760271936,141.88241535246175,36.60117109517117,14.204954537001216,36.04664377715032,37.17248632804689,127.97505758144656,38.68873039883277,22.189289272715868
821,39.10936220175952,68.33768567055006,34.856520551960614,56.16704791532063,124.93143660648954,42.33942961135439,11.905269195181676,38.830211900946296,35.641138217189706,110.826212319541,41.09485538411671,26.770826863743707
822,37.043558625944186,75.67929258200878,36.58580910705537,68.56557348932455,123.4227616683035,33.72417943019192,10.671137183656072,37.49198206178932,32.4043378543927,109.7060607896248,41.80753096033116,19.391410612775164
823,38.59847957523238,58.79212865378621,36.58566776943429,59.100319348026176,126.81231939007716,38.42567257092515,12.174058265586655,44.06741195409828,34.69659361591069,104.814212510025,37.78392354505712,14.260841698558927
824,40.70995002379632,63.26860937508459,33.84391510365762,56.402515407506094,110.68840560992732,38.02751922683736,10.90169930578876,38.42673861723044,27.92676372289575,109.33230156338472,39.30407621363078,13.465138228524596
825,41.60254800351993,55.97057260769051,33.16836974580541,57.13489767649372,104.635109494393,29.333208711336624,10.625040690249325,36.528154137354285,36.1772774103295,106.52468779568017,42.194098805221145,13.20788033564414
826,28.85262711499385,58.54964580385504,30.755768521904823,47.290357836314925,105.30171358923128,31.945365198940376,10.454180720159243,35.84941873393038,31.939784900471967,128.99891969735785,44.31557521628713,11.878447145830307
827,40.40750893536773,71.33014155335256,31.42132525375569,44.43113165607909,84.1976833554239,34.7571044585858,9.782566915814366,28.67245328906936,38.0079704817536,116.11851091292912,35.124637914671204,9.951846753271624
828,36.45048659489888,102.71129861461333,32.0992809659994,54.01266767636015,72.4731206694565,28.78422482025348,10.887201190502887,28.22856619115556,49.71975339284972,120.0010102944732,29.885278323686848,10.40173580187776
829,33.54813382978445,82.33108246827248,26.683171840190685,42.244664750234975,42.90586908143712,32.44125717170086,14.098370574282937,22.09476365262749,60.2730062918998,103.22249661156052,33.51260438992235,9.863666884049024
830,25.8431124822632,72.53470518969472,27.35047658883952,36.13917731754652,55.532696296968005,24.209521272545768,15.223299330575944,28.470040878907028,45.00838966752551,113.07321321806984,34.583540955332914,12.8384323226547
831,27.732141654737006,88.9233411564065,23.45091067974145,35.03038216906875,43.5003468848389,22.41547266954129,11.426469924107185,29.03285337061432,79.5234979657589,106.46413240174148,25.60372517302878,15.128808595543784
832,24.518741796298396,97.87613073257089,23.78702097072403,27.36437607314844,56.509955734742846,24.547345933958567,12.663035757453423,15.424814180785267,79.64464498504282,162.42662792608752,26.972490205533965,17.183472092370287
833,32.59546333593568,75.5736027704322,22.92971604383727,24.25269509695365,60.28953715672817,22.4678421566905,9.665810027181069,16.17716112569471,61.80653291313884,157.65786447392463,28.03925868238564,16.6299637776941
834,38.98145410897764,64.68723048235445,12.493292623684624,23.77310780901753,58.3954548071568,16.05150136306459,9.688069791644244,17.3751645293351,53.33508931380771,113.29447933834254,21.90081854340825,15.564479460394672
835,29.39459321559651,69.64640306399828,6.295849119866375,32.54911117354683,77.45606940266855,15.912770516235067,13.749396539658134,14.874081964494872,34.685517462864645,142.62489235597215,28.097965051729087,14.00211446074786
836,28.127495848779947,111.50076313887548,6.6190126444951005,27.38434419398529,77.83937604536473,18.26466398870824,20.492558878165298,13.87894226739454,37.34291963943901,160.74517607920816,33.995562126985384,15.168076088651311
837,28.212942476465777,76.32474064951536,5.5555528737512185,36.62971128146437,50.69674778122982,12.460774513751188,19.722811782406865,12.334756549016358,70.76055040562025,115.18080260332124,35.26292273496978,12.257252541608231
838,29.05460202651644,78.46738921729681,5.342979820344193,33.402317254866844,53.32789907610258,11.860850839177337,25.271450836788887,11.33478376695476,62.9064999222154,107.28445621910689,25.968053728097185,11.607058725154868
839,29.26946881883653,75.77252695528868,5.581266491387157,31.34576110805457,49.61514870723661,12.50716546647444,21.564104128236007,11.920937611685396,66.96560594922403,102.76433432164922,26.618630466974807,11.393948267667358
840,23.35427236931792,56.081085641601184,7.261608474328579,35.497815453072995,41.33582656006272,16.29676309188911,21.41083121177376,16.609442504107996,98.232608063931,119.4538370344582,24.965365590456337,11.500194167387464
841,42.356359613321246,94.69388435408976,4.819481797845189,27.8400203601224,47.22447586661353,13.718202089868816,18.41165842019057,15.984325780333275,62.50000169931066,120.01395169524892,26.62844920925448,12.492250884486584
842,46.23300875206516,62.26540186989567,4.125584927472861,20.67437646817002,60.39015685828254,15.8412239619183,19.943811591143927,14.533341569339171,71.77140873192623,118.27771429469888,21.62465538671304,13.14758618489629
843,28.794089700276423,60.701422828438055,14.364838669204715,16.053110153558283,62.98649552182373,26.114869018426138,22.02599397748517,25.542598206696887,52.62811522886788,85.63937537371908,18.918158583251845,16.697575350283124
844,22.87030430395389,99.67483493690298,25.55929781548068,13.49125913308024,75.85024469895177,38.84548063725204,34.196107150720344,18.633995220828574,30.72104413052979,110.34987229951544,24.011420375850197,16.05779182326381
845,25.064574273047104,104.45294285260564,40.24065845393508,14.985548555119967,54.59530242884672,50.34909171686324,54.42905386976128,21.745547342628385,30.57708307955656,111.84372756461715,26.80002907857288,24.08683083075236
846,26.86892464763456,119.94881128051428,22.336996515680024,14.565550328108804,59.44187826058389,33.56395990186724,52.893594816569696,23.736488230792048,32.016840097320525,122.46746341574044,28.67110658436348,24.015905712697304
847,27.320397349011927,67.20513329066614,13.519136362250826,17.164365639126366,78.2107754793143,20.528113768740283,56.402801436218006,20.02091175417401,28.2630951112576,137.6238867229557,26.68164258732473,26.139010398530523
848,33.86901067981351,92.33584959486883,11.25135909196474,14.864134061979856,77.27096860850571,20.405990746195137,53.79522719255253,19.23234404245798,33.81202042618314,117.79577560817144,24.90732034662721,23.74120007467827
849,28.672268046237487,60.41242018228901,11.012391847881378,16.841643892833073,97.1894416290464,21.573996763415536,54.239215053123104,14.93343257804647,27.49591183159457,111.55010206135329,19.802554948616937,18.54382447173817
850,43.09344783681709,64.53090870843728,10.058573358472284,15.522097105982544,59.29594615782074,22.81094769821076,48.81639779238719,15.433334067272108,24.733531522071832,77.67363356641408,19.243047753531265,19.12849005625795
851,55.362221606626704,100.95970355182357,8.014159118927703,21.14466208429321,47.65256698225964,20.58314919354343,51.1189699200458,32.64548462657386,21.193816523763825,77.63669705552607,17.847368107079298,16.18410171311568
852,44.713093638566285,59.93899534892448,10.699680269808654,15.588559207093097,74.50233513130048,20.32934302233365,27.317636299864297,61.4626005656681,17.53411365123012,78.797485688052,18.1336034899645,14.468002579488129
853,42.10263502587584,93.64127896400414,9.457745973974696,29.68011847959875,83.72374819985313,36.09102824939578,30.616785191055445,57.11815691748994,28.461795419062742,118.60256187765724,21.721972885637623,14.297833431232208
854,59.9109155811158,53.45418222572257,6.418147604880734,22.43917161992248,101.17577214479752,14.663698663865633,27.992536299117788,29.37883535234075,29.229649471300327,125.52150151193344,16.573160845437226,15.70546961088666
855,46.03770711109665,50.784202374634646,6.5283338068966525,23.036616436818257,105.13251723674595,13.45660705096204,36.10003878153866,17.697676197811788,30.72184041566593,129.0972725621074,19.40438532936156,13.998806870791368
856,30.154867902264893,76.3502705665729,7.32477838770921,30.214179902295303,92.06487941175943,10.808392934826706,33.9214183712847,13.3259964591609,25.271809703614046,100.6963174220756,19.06854135150297,12.254517252611787
857,53.91318703914718,70.11434036565929,7.334806883941171,24.308263734098585,85.44766043686685,11.080336265070452,28.467326503556887,16.498651156514946,21.783325462839937,74.38992277402838,20.580904670131115,11.76423765908916
858,45.474572823041406,44.89296895421549,9.534403323639255,25.934427207327925,62.490096890635215,10.666601269044248,20.78439390746728,18.724413137624087,19.011768960989084,55.57097562105249,16.53117689471441,14.130657444394496
859,47.39972203041472,34.53838259925721,6.494891543162758,31.26974224442537,50.87198493738193,13.26374081483872,19.43133430652188,23.16413252713177,29.003864208650704,48.5795895175464,12.876148679421863,14.94958560723002
1442,72.0838941102271,55.575210127382086,104.33293419856152,79.61384830285456,75.6340204026162,79.4860933139186,22.355851022614644,78.55934807035172,30.58355130576019,80.64266660858753,46.942744178303386,14.75498364974163
1443,70.64956572214433,39.42297334820993,97.10426703280214,67.78045086650197,57.12472425948441,67.84336220043082,25.274232731275312,95.34746763331609,32.17183130026173,67.71543282697056,51.25751444445377,14.44731443879897
1444,58.32528412187997,60.776039056653474,103.0920358315012,89.22944921609158,49.8096186216962,68.07031793161096,43.228890806268936,102.53843772845394,36.415774987605474,66.63458513503049,57.9475662134638,17.370161274856926
1445,68.875331624999,69.79504769914445,98.1509695495787,46.98170612288134,63.55459080969758,63.63711765758991,40.76887648741953,80.9812837359087,33.45285159972821,89.97121563771472,52.25195579941271,15.554319412605723
1446,67.04475038470417,55.013731448314445,89.88228576998682,65.79681771771293,64.26472173026598,61.19881303258818,22.035891762029408,105.07670921184489,26.41620103200537,55.9970340815686,45.588242642634576,15.042125909406328
1447,52.15265998406662,74.59605259900641,76.7717207772986,70.24464328220883,54.98603686226926,67.04400247107543,24.777613567864325,107.94833118577148,23.453711706106105,88.82142499393444,52.0775441099736,15.020925667658704
1448,47.11654968384815,67.44447221593865,96.95212289416224,48.25666695661352,61.6436507014543,55.947459809935005,24.839906317699167,69.44506442492892,28.917426967890982,95.00180274738776,54.01055407669805,16.736966541612333
1449,51.90679038710543,63.42426330037153,106.24059528190534,69.96324032602337,83.97298036422033,61.357597223952034,35.533403022723256,62.52414504615234,21.807523822958856,111.55149775153188,37.93603727091798,19.36671104361301
1450,46.24375730019674,71.31609146223204,96.46166886843062,64.24937445886701,74.67232094561032,54.41836167104919,25.612416186308977,76.98042353205123,22.655966796175985,107.6792217818218,49.164611081081766,19.183808027773672
1451,40.33784261606896,74.58173552450563,79.10752851300502,72.62307346761763,78.13279470265141,55.962293058278334,29.125387811682703,104.48220096448928,29.95582524606104,73.402378699807,57.60122326827528,17.912849420053885
1452,48.88425271715274,66.07823952162101,70.94978210101446,69.61036160780691,84.03579509372733,54.86313316088904,30.67442645153264,81.31857086918208,29.61151636919135,102.21311140906629,45.75975941795349,15.820976880148269
1453,52.143864944438086,87.53182969714933,73.62482932835884,55.633801495948674,75.74442340274555,47.84205522289143,22.566627321098085,64.6148902235612,24.18218926675759,172.1167504091138,45.99807731560615,19.6885403977
1454,40.49989731966984,79.8315469632331,80.38316175021457,73.41846840931689,76.78912365223363,47.129457932429766,23.73427937100145,90.53940959604432,23.78543430764608,166.15097923985297,35.57204540558317,20.654029833805435
1455,52.27397059748546,96.4430514522162,78.70897282491524,77.44517914878672,68.59326563261969,49.50668639865208,28.441586383280303,92.166427267347,24.12000952557369,168.42223056863844,56.31137025314496,24.29603959852346
1456,40.15361076362919,82.76991437382489,74.27260376966056,87.25464877916862,78.18883583441799,44.93439301779149,24.248574524945244,75.84542666079544,26.335745169390037,108.1648209565652,51.45571673582238,21.25103294479256
1457,36.454944458291806,95.6143720880798,70.06203896319562,70.84718652867625,59.28824278826601,43.54571877054544,22.5259250984962,71.19504236166557,42.15315581724646,110.81305717351864,39.05647665174995,27.59518742064634
1458,37.03595387034335,114.21463970037688,63.81922428512481,74.39173982258694,85.30848070613955,45.690628453272666,24.262077471678985,66.00569498908325,55.4888523659947,137.78630873533103,43.05759092754771,27.395220043708928
1459,44.970254923436336,119.23200425786509,63.19892650367992,71.30391574265407,70.57579386975306,41.591122534812335,23.97312929383516,47.421323382028575,68.13026125981963,158.87365902317808,45.33798554713068,33.60583051461693
1460,51.341117535012856,110.08182494753252,62.06871816714671,70.08580942510928,58.56795841273413,39.86854588626503,18.98471373318801,76.78350721571206,60.30834728960927,149.39702550601507,45.258731337200295,27.582755618313943
1461,41.882195588458565,85.10780823159129,70.66667583200332,73.65235826806035,43.840137374920175,37.2425518761284,26.91749108870675,115.9915384012316,61.70421201571892,131.58254782177167,49.06905076187012,27.55272368252329
1462,39.257195688542765,68.97369066298168,56.97866076873808,48.32739315796543,52.407504856041164,36.8774639944534,24.33882720991769,95.0184090282822,70.68693280649784,107.03668728613512,58.95662253967201,18.666603299722915
1463,36.22406471470264,88.35703155689092,50.878089144790486,52.15179418161082,52.861511927188026,37.48809702051504,28.089807573055484,73.41554843133768,69.41458570111257,147.6992425881214,41.18116146839096,32.96674469007905
1464,39.21759002398274,70.76215236478781,84.26735777327225,76.85591135531925,45.1170399080155,40.14088615673968,25.585170947773047,63.01073375333346,55.98403481230682,114.09590682540166,50.4014408418844,17.747950466779816
1465,43.59177359738234,78.20596753844855,67.53520250425613,99.17829247093144,46.69280698646338,44.33829604529618,28.62532908763888,70.90904028066616,50.55770739794654,102.49709860918428,95.4826130748314,19.233359701040847
1466,49.78191473990357,112.24025175096811,48.98294974583328,79.27083321010025,59.98797508679792,43.91794522215208,16.995862060523628,63.624663496964025,40.38180861463238,133.24307788857007,80.92868277252559,23.867731509123
1467,60.62308969445689,82.08977165402301,42.49462757333762,62.787686899037766,57.95211935719101,43.22884114904644,22.951830520975463,43.34478416454992,57.32684450913236,122.37771442922168,70.80976049879261,24.353207279238017
1468,55.10804279623435,68.47843809017293,41.52193047325032,56.59223382427409,77.3802775569033,37.47889841998448,24.33320717843003,35.39421184537028,52.083389539184736,108.19723676493948,67.371729841907,29.49444027301909
1469,36.82423280314004,85.93170348882887,40.302893670760206,63.43085635554648,76.98771702291576,43.08882404829828,19.253362791356764,45.051002006635606,61.48885394360596,98.07581769651092,64.2858802388652,22.45332464390559
1470,37.08615259111825,68.40289748051583,39.817086762002575,65.67835029316159,82.99202369215763,45.026129002936784,19.513501795485084,35.54220768470502,55.8962570710184,100.99258470115528,46.4925890425852,19.891430070940824
1471,43.59392680900858,51.23650086776421,37.13802413147396,59.85990713857167,91.28587846105997,40.85282706616121,21.223103218574767,38.71186828662829,68.22417177586823,122.15825987424364,40.13696706170576,25.05199487702096
1472,55.482718802087874,65.27149621277428,36.56586326686721,43.65246069185902,63.48598242484351,34.44591673213877,17.3513138849343,46.786053084210906,47.14839571362524,124.20285333011948,41.95785082960858,23.56213013016021
1473,37.03855230123468,103.06599077292492,39.13314876100848,51.86625212890511,76.17525771609219,39.99070579399452,15.514949336304696,35.481516687725275,69.75946625074371,101.43068696111942,43.99761419152804,33.711390147902115
1474,46.60131778961856,105.41441058611372,30.433939805860543,31.29161742529047,64.62249318508215,34.78054357212099,21.01990811749698,29.779199421022376,81.72366420658332,88.23221217864605,40.090696206078974,33.60831694141899
1475,36.94474994155348,84.24215409589073,27.71864873670371,18.271251789319223,54.35965308829704,35.673236220349246,26.36856157162009,39.62963396895337,60.70721910355382,94.39761039859007,34.370044059235184,18.08651091935305
1476,48.32859888431131,125.49558503446184,26.23097897687091,30.0180370745172,42.59709501993581,27.1287208637709,23.20597571273568,41.10196643101706,85.44023928719211,89.78386223492454,28.998290896091568,29.61321517403928
1477,29.67340231455961,81.64504532992721,25.99139860891854,21.7685353844576,45.30366203072047,31.00454550422043,20.50452858427104,38.39460684878182,92.29646333236371,103.22363545596656,26.244027485008967,36.79470242938986
1478,47.12709500578725,101.42507196694756,28.458628641991396,20.63180751194316,47.79193842522828,35.16037609830549,25.86613454691824,37.29581660424071,78.0011915094459,120.65999466899731,26.694518477642543,34.95382241542653
1479,43.99210355523264,83.19500720241851,27.41513618683176,17.664949444848865,46.91008635301653,31.184213465209652,32.90410493484027,33.76980581955604,54.65825273251312,84.74356357394859,26.152366530536195,31.673440332242937
1480,70.46979799585652,85.55218876189927,20.448734258369026,19.96103015872482,54.321232605044834,25.14030440446581,24.41777935563701,30.03798024224815,53.333551707857445,114.65619504201956,29.242167002853023,31.95565439140189
1481,50.35383065046803,118.97431709736146,15.10705234109024,24.08604071663564,67.49910157780984,21.70709433686561,30.447860600279903,37.74728966892086,52.81267920136737,158.55774586759023,51.09597091461939,32.727836187476214
1482,63.90903561130476,83.21009763213422,13.591647180666278,27.10253057702304,59.891123657212766,20.219442480447988,32.93966212762248,23.369462377086386,66.88246349297526,106.75052878765932,37.70308486969376,28.47761579028945
1483,46.72400793491403,80.13200622783219,10.356415192936952,35.06398195148963,64.17111706825449,14.655015035829642,35.089534891570295,28.90711603875632,112.66227080527106,92.73170566620551,37.91543732410888,27.973434164368378
1484,48.023796445630246,81.45935659902732,12.927111697548051,28.89977736009591,55.98007085807848,20.830656139394108,33.19704445986234,28.349451937060497,123.14476510744734,100.95387417248403,26.132952651341625,27.929611561703183
1485,38.89842139241453,129.9431494603267,13.803677539815396,26.48256548251061,70.01602146155925,24.50347837949668,32.59519154675471,27.694145562230425,97.83593336394856,117.41215526316584,34.591729905065925,28.826248466862168
1486,50.44207551145196,92.97808654561312,9.67251270560148,23.256083061111,60.31038133632385,26.73088002023717,33.49400955220129,27.299791925994143,95.5737298445983,101.20978330669544,24.81263880123197,40.776094127782684
1487,49.97886342889117,67.31341403011392,10.025330028305936,20.61702229082207,52.70627134940448,19.88380242246464,27.828932054660623,28.987332517709337,96.72942880047388,104.70071791672171,25.63893025903454,24.545150761771065
1488,47.93259492244129,111.10300869307544,27.48817118100887,14.343411828594792,45.10229185057174,34.20150962131289,21.92951080443352,35.722110864356125,81.17187422512994,101.46220853572189,16.033015787635154,31.00518574753525
1489,51.22095927870444,80.85639783789244,46.95185781208792,12.447931720359016,43.91107956330852,66.56134037325386,30.2991459930688,47.89131377045225,104.52243121086374,93.76923488250084,11.007361614897595,37.70105728090238
1490,50.62449777439842,53.93774737019697,49.53547649027614,11.266664494324573,63.174999572533,74.16499710019143,35.347582892670864,48.446737464755984,56.90370745127486,96.14259581385087,14.53846864587666,34.0957653054064
1491,47.13853887006333,77.08479643583277,28.295584275058,11.854062122577426,56.448775289613046,66.52298948594583,40.89226454202669,37.02328848249852,89.94301022470614,100.9111805801804,13.98692326692746,43.41489740474741
1492,46.85188748146308,67.7794588809028,17.499183576842437,14.081503150005684,43.35728968537938,35.7979575170008,34.32776526234361,30.783774738813943,62.96053805114238,122.80928875979356,15.767314211908134,41.52270136726481
1493,43.994768057603245,99.22245531623402,15.605442789213711,15.957017279012693,55.04651519250092,42.59166043181079,51.2976095963743,36.55418818407569,81.05492361091643,104.47213771373552,20.1263400543925,28.56725590211448
1494,57.83711957018573,74.3707546998354,12.410463396194924,15.925636279464207,59.06328968596078,29.30387384821745,55.94798210190304,28.964484735130025,85.36140311412778,119.09591297063024,18.719439228939127,37.0904709152164
1495,47.061972006628544,60.35058306781103,9.119570825310053,13.996617984870722,49.76334582379396,19.875888028146218,49.838645405706544,25.707382755105037,63.272106772137725,115.10518000141964,21.229561821995325,33.220929421868924
1496,37.48778707882068,51.69654764026731,13.821441555765192,16.111594537725455,50.1251906706735,26.0548884401834,57.664192913198406,34.83476739639777,68.57494731518085,101.87827865406408,28.420838876218475,28.30808735008141
1497,58.67066269931839,66.39668152632518,13.256639926698876,19.87677526314307,40.6319536626845,27.611793899098235,43.703904693209246,70.984337384079,53.54719141185095,101.5594726701298,23.00206426736128,23.68000263943688
1498,75.5363788155366,63.4106322836172,12.422056251567131,33.82675953755044,80.96045328382881,42.76886537245162,29.039507797396727,84.37718329796354,54.662093492708735,102.66747683940768,19.34060444217181,22.286046886495196
1499,73.21487077031304,78.26810271156538,11.447618842525124,59.248167262828034,67.10782502501024,21.337775511435407,35.07157414791895,63.55266268125011,64.89242257590288,87.54854835599923,29.35653903682053,18.716349210292385
1500,76.6715261478083,91.6140115158704,10.95453332969248,27.42759745486845,123.34396365699956,23.758389507811764,41.70427127561144,33.89448047608356,87.43600156990813,98.82194918233644,26.05470669135296,24.090653794664448
1501,74.5301172800752,55.017188753652526,11.809255426899192,30.969901591461024,98.5291925931546,22.080439558938448,36.98882234092426,42.32226618875311,74.12883022848212,95.31092611273364,22.28536760585128,27.31755045547263
1502,83.07319851061568,45.88842714628917,13.88469082360384,36.85833136069601,88.7515729418575,15.056205318122842,32.8805250795899,43.64513695010532,69.33463391322027,92.4809260108262,18.07955235945341,27.516643040971136
1503,86.12675409805982,22.731952333625557,12.890434014909284,47.05096155154667,82.14785894486317,15.511085202295304,32.97800619916396,48.65182080792076,56.855522987287166,92.04502072920408,23.81474518732796,39.07367199503239
1504,92.57128431402728,19.62367264719988,13.882634172626071,41.51829470198711,69.46742829664397,23.53512837422452,31.180570538220465,48.13154734211796,51.02838307570889,62.693272509925166,27.67828174592236,27.97984703552928
1505,110.23169148461068,16.399901172346674,14.469512178427085,40.85797853602006,72.2233246364598,30.43900341359118,34.417821429232866,51.98156775481434,84.53780030919611,78.8579217683855,30.89808749129249,26.94501553477069
2340,75.57652482932593,27.14563103849017,95.57211158592392,77.24077106733715,89.79914900641553,59.373748684160525,25.460657879276766,41.07965152009631,36.60913509088936,36.5467439566445,25.594587119901117,11.72601328934192
2341,64.28560105925676,30.85552461276396,118.17832307855078,91.39623335669368,82.13118188302929,70.31771495042256,20.40408267553237,41.18229838696599,48.622768185321085,37.44339273581806,31.80303025815097,10.533448984679572
2342,54.87223806797737,27.928661747294104,117.95945603269308,82.77574861371862,79.82108900494822,68.58992866143788,18.144685324891984,46.02557867798792,39.15509852644031,69.50535643401864,31.59867624023301,9.71075426960706
2343,70.0938273096929,39.58450320321336,111.5449257172052,42.85554376063824,74.33253554121764,66.73360416159633,23.951806604486524,50.20840000161479,40.31670703804728,74.63639766876234,39.03383825771459,11.47810555691694
2344,56.53760738169319,44.98422067674935,97.59141162248297,40.897128923928896,72.19672353091934,68.62669930025596,19.62328177169613,59.865022212666325,25.00193013949597,85.24117467786279,56.25249400302621,13.049392416556572
2345,52.19603841439999,44.72961608194833,102.24963386873476,60.95330503005647,90.41250901346592,60.47552187430304,21.64771362964696,53.356483514366616,32.97624808035373,69.5094234773008,51.07027513107022,10.714653529725185
2346,60.14252177465985,48.209787783873146,104.44398708075028,57.02334505929858,88.16653757111041,59.23902670526894,26.16253873613829,56.49749782812936,31.46684377350848,80.62495357479051,58.7354750728144,11.925235122825768
2347,54.43004870628917,50.76354340764614,88.15244809813862,62.99073780375171,61.46645369358924,52.0483438552486,20.17154605849588,74.58843900636042,35.76956982002354,70.70786297157518,61.60669330946765,10.98927941507447
2348,53.02619413051278,51.49833222109882,78.330566727167,66.63903166688254,78.81966772510766,57.18107795156938,23.30560767583565,68.22699651148231,32.036867297074494,84.93134688201013,51.83871092318818,11.941922708902805
2349,44.24237536839608,56.42159329531522,85.91885822308451,76.66908533610557,73.84466448509846,56.811763877414805,24.6198238142732,54.38149306646161,29.697261562065936,105.17598409174158,84.98983239109772,13.534287581862843
2350,50.03966524325863,60.00196710968885,86.08350189083053,88.64279916238918,102.82464817236304,49.81846197335739,28.01196145180256,71.01434993967193,25.95367718878835,94.01006875088602,101.5598240289806,14.989938501895274
2351,58.16200913240352,59.942128131342535,92.7226776660302,93.50711252863616,79.11868275297398,46.69065864911264,24.777878106526448,73.66779329469735,26.645798069547823,127.29630922071668,100.38458991626266,12.853978429265307
2352,45.06361580817154,48.33498406322433,81.66677453929702,93.63275182696776,83.38943089446515,50.30410986712938,21.300164039197373,59.549998220517885,30.307761360517453,137.149086710127,84.87236570648281,15.983651720114828
2353,51.77388181795706,56.052579056087495,81.33574639302705,79.54796388219488,98.37397750507748,47.73409455280082,25.34045539433888,54.32405551706073,31.936657186418586,111.07530283328468,87.43247774011816,15.538950108563032
2354,57.60769778060933,62.28732129063047,74.24433577264726,73.9405430871721,70.15741005006556,45.87758155815714,16.848755053661883,70.88012986828946,35.26730980691602,115.1134338667358,93.4429893199506,17.216912412126195
2355,53.057874687250425,41.35243502708576,68.92518309927918,64.61965685351785,63.89634209877333,42.78565585410526,21.61816530696532,60.45888649293121,36.92484976759818,122.7008352544176,63.4529638765634,15.706424800183436
2356,41.81388571089441,88.7879452498699,67.17152161032661,74.52329187626057,91.59785512638572,49.80316258886923,19.24401281219455,52.600718012337005,56.40825599544284,102.5083641386028,70.82203656509111,16.573082444716743
2357,40.68799718697224,113.42641196009724,65.72588471870516,60.87756280887379,81.50324693521848,46.32303766794133,23.29540282460697,62.45743375640405,64.63560958014618,133.9128657053049,84.27904316011491,15.117876717477769
2358,58.905903925818414,105.2724566829272,67.49109639878405,69.49036023222199,108.10788745933247,45.48798059919797,13.336313121705452,60.0201522204674,57.9445792631447,147.64619201053029,72.1836078329016,17.6747162376452
2359,68.0790646567827,120.3802495116462,62.20714120617246,77.87356335202473,73.16223345744008,41.61600949984812,16.539749362541983,76.19980528298346,56.79771569361463,129.12592804775437,76.16523055410438,17.606533071382497
2360,55.57553639185743,88.04329370309037,57.92607184844757,74.34219656056446,65.64107875102356,37.86673245745051,19.397337275048177,97.23683752003852,64.06385535564635,87.9361255252256,85.88684546689181,20.924093784812516
2361,57.097517843778256,90.67372488692148,60.11624917798408,66.92534966106922,81.5762825063499,34.42199694743315,14.32303942346429,91.28262433258789,46.18136676269491,96.41757228160792,132.41293071368975,17.480451039673607
2362,48.36966888396118,82.83370915799534,55.9555159851834,68.02770436875147,86.92326434416788,35.2891979026547,16.233095240983925,92.011646667358,42.15352779854288,143.96667308076226,108.46438507460884,17.56729093418943
2363,59.35444722119869,84.28098048363374,47.0692464440408,53.10193663229297,97.09180892157032,34.45601523932484,15.0922436411834,77.49046124495763,62.4206710708149,113.46119910542424,72.39190589844128,16.754527641331286
2364,51.81150005598569,57.341853262450925,56.13909032496608,81.98461941437127,68.81473600751436,42.15093559287578,17.79084693299827,67.13493675623751,35.46859221456495,132.1805465055277,67.74298862887734,14.865538993249023
2365,43.758102743504125,52.92475998109112,46.61193412519465,81.241927832571,92.413770792731,39.2832497639132,16.247733765551015,52.21557283651463,52.81214312017012,98.15027010261976,64.20640511346667,25.508369458409625
2366,50.89146335295052,58.172786729145066,42.03371097125272,76.31276076537145,99.82507683248244,37.58955214608605,19.33053820236554,50.07167324858155,49.62415383305822,132.55995413206497,47.54830423878855,49.72927267540683
2367,60.3770631928802,65.5744858435369,40.073643884596194,68.51763153113046,161.04954895841473,35.11889347717395,14.22080815672248,36.647680332820656,60.17167854386624,119.53673546315125,60.45391600020309,32.45541091845544
2368,47.34112773723975,64.2354145920252,38.55585216047197,72.66812125727678,135.2304586749904,32.66646600517649,16.31560771305183,45.10937732881517,65.87874068236191,115.22094988164876,57.70348358088325,49.72400219833996
2369,42.00033144330615,72.56098942050473,39.696900611206736,61.47578176935036,130.27443248586772,33.789917916485265,17.614697136178876,52.96484288606735,54.381823130567206,124.18122567106089,49.50643071655748,51.00195327337073
2370,40.47328664395837,57.05176458677892,35.547972845513094,57.17577400598338,118.64636068481124,31.361447534491287,16.927072247771473,37.43594852842024,50.08356014385574,136.19126740014826,43.41064002877481,36.74632973508026
2371,47.32266294408453,56.7110967638129,35.03758588902364,57.15597685722145,92.69249004562911,27.936748263667447,21.09138890587242,38.966554594801366,54.990421106401215,122.35602457969075,38.83700634771859,20.64287629376633
2372,55.10080163982144,89.8830378139411,43.785895467359246,96.13374472322867,86.69198410961614,34.21648002082033,14.346639137926434,55.57561838506695,59.157364428943765,99.5485836894208,37.43039413659444,16.357046773232867
2373,45.22975401357209,123.38288406808506,35.66502924126134,61.26705094641086,72.00653352328261,30.605243212623183,15.966820904445452,39.65645491880459,74.31119391033283,104.54607222622668,19.79162744246909,18.328236642878355
2374,38.15492969282538,73.81674094398154,31.709834305297303,42.527354929456415,90.29998725197976,31.88145138783547,18.42963454888276,32.11601380448874,57.72695422992698,148.5058373880858,21.44224176388916,16.97349753310914
2375,48.38795228372648,68.67846748944656,30.2475058639652,39.2644287016788,90.6919794804888,28.25365336238508,18.516110200603883,61.24238185276895,57.862617981799765,182.26898896585857,15.425234187518624,17.247043406196287
2376,57.66503515026383,80.76402173176675,27.030683121926646,25.3536836520148,71.08031208150531,28.3639750369446,19.183804788439847,45.62632681005692,65.20410093239268,135.70551976354872,18.123355181243856,13.989292679603654
2377,60.72825339774786,95.16291971476184,26.136984491396724,28.83645020874837,99.87505202016008,25.46069686964575,21.263205850457616,31.42285033622923,75.92223778971464,114.14107175454971,18.565460562740416,20.71476510957009
2378,81.03360105424989,72.52639064417319,27.93653904225085,28.709553996661768,70.59244573630035,27.68333553594911,16.42213035352864,43.897943416091806,75.44648296848662,120.31733493984125,19.86406480158379,18.090402048712416
2379,72.8608968191524,62.90780095317416,26.349060344952512,23.793549644541635,79.96559101206233,26.299407928593965,17.815428656010255,39.78567835213213,67.15029963663,145.80972210764753,22.578070865561195,22.734486744116765
2380,75.39402542896553,49.34301129641314,15.817666119663576,32.1547421642193,95.29364413786335,20.63809825466953,20.544151246088063,36.53998172251044,64.9026266175725,143.55010426425596,25.689614676631447,16.57803819809289
2381,58.00448918649751,66.50260272460034,10.245215241403832,23.51127235485625,76.65179496130365,15.371677904709276,28.848345206743,29.031913822395225,91.51641170136688,113.51161228623772,31.43093503510451,18.5966794450436
2382,62.67608582484844,68.76702298165891,8.852357522569353,44.409524408693976,89.44944500529166,16.06822921446596,36.71475851550502,26.361244599740647,97.5060571722268,125.87833338211858,24.437413178764984,16.1893047689654
2383,76.57321736454456,74.87856375284473,10.775904880402123,34.897877973771045,74.80542705749946,19.769588270566103,30.247167522626924,32.02037809911928,102.94975067230564,97.40563424434188,28.38195296145209,21.75487493127524
2384,84.4938421293225,77.9935071323451,9.634464297387936,38.348977621198834,78.1604496433986,19.70378848357884,37.56883109194492,25.54400359828169,134.8461116756249,114.04840073290195,25.293411660849245,15.684528829198351
2385,78.44784628373235,68.15510033301416,8.591908073093654,35.68171881853529,78.7847020923055,14.424043947000088,38.46555188181154,41.47991307915102,77.89807525570342,155.2486483432988,19.958151747553263,24.13995179685616
2386,86.79088803751945,86.48201292206998,11.358911099515534,38.283482169371695,95.87498312174196,16.662973675320508,33.225881098569374,49.65620975573213,131.03235472773275,120.33484536767844,22.693149156354377,26.617314996074256
2387,64.08665567719521,50.327337945594806,23.7627211267658,38.735389282557165,108.8414716715097,33.4638988619847,28.908379984167688,46.6766660803348,102.10778275539184,120.4882734609768,26.906362311320308,20.965976579380687
2388,78.5028159877684,53.3187661363158,57.36860472537037,28.83023137767225,105.68891961751412,69.77632610027024,25.570276098449327,53.58140751702945,69.29559657317175,152.65961797020702,18.386966240620566,42.275590178262576
2389,67.68698591273338,68.40042611394863,51.99733033747248,16.499502724118255,85.43488579919345,75.6920071899385,34.88589715293664,60.37948255701832,72.37702867801458,175.3595215348292,17.114744103225263,25.744587718854422
2390,79.2697153153495,105.23756692292083,40.8720702934669,15.97519064096153,57.77747853843448,51.978131100253286,33.3391599661951,41.15955632632269,41.86595864890894,151.7274800747818,16.963064249833224,26.66616504477544
2391,95.17246869146366,99.27583584456876,16.936040629620926,17.163204757153245,95.4533461478006,27.503162903212434,40.39046895067822,39.76030404671816,56.88400410780297,174.36214077731793,16.412862841894256,34.91640258976296
2392,75.94620271203294,84.70449588995619,10.0843567083841,18.06382034724729,107.79165123644214,20.31803431285276,32.86554117588186,37.982772948988526,48.85239874810488,136.43823855160423,26.12762212067801,35.19753594097346
2393,66.65986919035251,85.37901309023623,10.952905450005384,21.92604205639097,92.75505606619576,28.2012996208106,54.45254621470675,39.72913524612848,51.99460307297856,128.557846425562,29.165791750478554,30.38486361972477
2394,51.85374723952015,99.21876598112064,10.76627839785952,28.357188468921336,91.0554462273501,27.18122294611284,56.52117210694809,44.76052621353166,69.09210471598166,131.30771709222407,38.41531651385701,44.71221737159463
2395,51.71410153159245,97.54561640839604,11.55749258467506,28.383242258802056,72.58788289666762,21.16237466099273,47.56049225593704,64.95443218221108,59.900753541720654,128.8104910831038,33.13025274449561,29.32416500376369
2396,88.64368554139325,84.71178850029585,10.722600294381952,22.97976923926136,74.47594197321537,33.729770407267544,44.319672439315696,107.07156126293178,30.2155689897844,165.50913452824227,43.78687314841572,26.213241793147635
2397,70.97898675219295,62.46673908439318,11.778086401229867,26.61574205503944,107.5621393026269,60.57391695465335,25.912575398895804,95.3534731704748,27.1981908510726,140.4042788634025,27.477679845567515,23.87576377501282
2398,39.97401836356919,64.35350906224664,11.55880710929224,34.12888938601435,104.23443109293416,23.51784001936384,30.35696405483121,55.5300908099332,46.81499657781356,174.25429828214197,26.519044973786624,28.21335768646142
2399,44.15573093743471,50.15354345324372,11.525645193646625,27.371976441542728,130.5036369375944,18.114023121263884,42.895165300366486,46.687878325038575,63.3610701619722,134.7392851226498,29.895452625465765,34.483285512100075
2400,50.86783560759318,35.383625237422706,10.524725944889555,28.149696501179523,126.136602211201,17.170317750512314,29.75214576147428,50.304089841648405,37.6927869886101,161.90264492408377,18.6965407962236,35.268533839711
2401,46.958735204576165,44.50125209383086,12.933525188410776,31.564137960854023,146.60700182981947,13.104868738395744,38.846303898903685,57.506669327384415,40.92760317648977,185.8650579784758,20.31823937763324,30.227961299680462
2402,86.17941488266733,41.687976263695454,12.971744919645667,25.087006791586603,105.29754204446516,19.223353596823184,27.418519231362943,51.376081064658734,35.09203305192858,178.97477881648177,16.085863792703734,28.587478924960383
2403,92.58981505669168,25.35216750537014,10.351606704397891,33.41994959970997,102.98798808458616,20.349635231123383,24.671124983124585,68.29794488338422,25.752391446260926,142.09190855795708,18.352384874147848,22.504273096640816
2975,47.44903981087933,19.983429000053928,123.26818917598374,51.15688475493294,40.89327892266877,70.97929878697603,25.66685070302828,31.581690690397554,20.93132782638509,95.52257141499672,21.573356823841525,13.623560350410488
2976,44.50423871157088,38.065774923590105,104.00977947137778,40.691304729234815,41.49833833858906,76.28945862446919,60.13417638732725,34.08538061647523,20.999284235115606,98.32082852893836,31.021381358925566,12.678973007518051
2977,43.61389295394429,71.0391071725243,126.3432217653592,55.68985482847093,42.2750529625975,78.01778310684008,81.31453881958718,49.97165200749221,55.4586858466177,91.22496679347888,39.13035483009452,14.267274078791656
2978,40.335560465752366,93.48370073235824,139.31120677214247,73.51514872114183,44.6853205250852,65.09568933623238,84.80862365205115,52.35498890161953,58.99600510118975,89.39794146437201,44.637248470624165,11.451055886151604
2979,38.6895917479034,97.93486195278734,112.5026838253853,60.57839421599237,51.93591546971184,67.96531617057921,72.20278075003526,36.11620842247601,31.74669130150416,75.27617622812161,50.72437841760755,14.647578710543335
2980,42.827016501693656,76.72736346818029,116.02080728175324,61.95461833851079,73.78269311198713,70.66225108407713,122.86773324605754,50.27996435621744,26.014422915943683,101.8253617394396,62.853073139814384,14.799589355696227
2981,38.43221018699565,76.91088888000638,103.49954375623828,47.3796746171376,64.35027259420208,77.33501264118054,133.11855352446776,45.35229808293922,22.340399825925765,100.54092126195226,93.28527548071824,11.837664443537092
2982,42.598530656704256,100.24407606383916,97.34884925438404,64.8004213858594,105.75540075163528,65.61612823241101,144.50835722761542,42.2583686963325,24.432229688800184,150.99614359399897,97.27968241751418,12.605900819752678
2983,47.2999299988297,87.5483283430992,97.15057427348452,89.94841072052026,52.59799369206302,58.60123192478778,128.89945342854466,47.48825760103074,55.54680624045585,181.39174962070624,69.22501914722375,11.185743027996775
2984,48.21438785979082,133.96391137601253,92.05986662129878,98.65674742732968,83.57823547479933,59.09958295096659,96.16777808294697,66.65571569289949,37.36434023884794,100.21203977278256,69.07664721554815,14.59403314434682
2985,35.6200074825443,152.144243377319,80.81905095525357,81.98967103651465,94.46062630323496,51.56144578758598,62.98541701013583,66.92731018038161,29.227903296631325,122.19467001110534,76.24081008158005,15.910287426556946
2986,34.35770340217995,161.8324345752526,86.14266250651016,109.58630742907611,95.60460849384668,58.17458790862596,84.55687795659,66.5882861456011,25.101738957914428,106.61248520141667,63.999786772469726,14.348078829692742
2987,32.6811060734835,136.59861177985795,90.71402214779008,88.06799361462468,78.56408480572703,52.53948578498,132.1719420180605,68.56572732659977,24.16357230603692,157.23578224127735,89.973925124661,13.47037425609674
2988,35.514330819940255,141.37079742295987,101.31223469046977,104.1867304005808,72.15944904395796,54.227688120911736,156.78632090581408,53.04244498771512,23.76064214853369,130.9498710965987,69.71663245556145,14.071010083700882
2989,33.196079654975264,136.4760565124757,93.38614558243408,70.98605139372083,77.91279836729211,51.03715703072224,157.79059767952927,61.39139010903127,39.78694314512069,73.76904397522014,91.7741299600308,13.595915470208473
2990,37.43043583065814,101.72451160428278,76.3487837794571,81.61465787288748,74.02229931800915,51.62259820816135,152.2925816192294,54.076441469093496,49.77784326608305,87.65479587739567,65.81541741929443,19.45660068697269
2991,31.371472229571857,107.99520476727974,78.61839270267603,66.58821757596313,51.12388666144923,51.47313304637004,122.48608643176568,61.270445911605165,57.69576356548061,156.86355162370182,79.11550621878723,16.338897578635862
2992,31.12283662113507,86.45418288693833,75.94305180010187,86.6165768058356,80.94485469306501,52.19023136430162,139.09873712186064,56.10444081341211,55.8223835026936,80.58261677170174,55.10682663909186,19.023977523940484
2993,32.42951410215475,91.31161040056595,72.81848602094041,91.4558962867969,75.58956727632558,51.09214417992988,128.56647802256276,58.23992829191682,42.51739803854588,102.80973589664688,84.6810098793856,21.574648534361163
2994,34.01538809177018,71.24077116175124,73.70250742030791,63.77707248320058,61.83959853135851,48.63209639961229,156.77993222636442,55.66906686169695,48.29944204735634,90.41466697432904,67.7978809634191,25.096394761692657
2995,29.939154468435216,63.82733284601164,76.85406425797083,99.9783075271029,72.20648375960678,49.71164017732516,130.5189242178962,59.14080706276778,47.53948595964085,115.28460028330504,57.97722411920524,25.22978999811981
2996,37.16065222367638,69.04448372740649,74.43733438780451,88.75022353379752,81.67276253068981,55.95723753316512,102.85190923058848,52.84901426559348,41.15156422895944,154.09198646449462,68.98964767203546,19.329649099631496
2997,32.67911959949984,36.981674531920326,67.09135012502767,78.67128779727287,58.596148744053416,55.03920268231849,70.77123223227113,47.640981730168,33.453669414211525,140.7009078373473,66.41602952834741,14.324426011049692
2998,30.10909159830752,34.10400361869828,61.70261826547799,119.67061895041007,95.6039004071023,45.0103837088954,58.382674891547445,46.63532332156637,43.3775664065501,147.05285080910397,37.312383663932,15.261416803327236
2999,25.1586824615282,42.37685512545616,62.54665211003616,137.02655917139833,85.87921234998032,37.36938329579242,65.37054346793671,68.37503342708584,66.42872258363029,77.17460296630526,69.1941303829349,16.56312756442459
3000,22.751005635730337,41.47720453529264,72.45391973342835,196.0904144266704,105.48545914460983,37.87913609498032,55.326183689800175,71.44819838960403,100.2991277782506,93.40968142089264,60.835060519709074,27.021901250731016
3001,22.75886909329823,36.09193343628228,100.01100644863828,136.15716540005522,113.7434486003014,38.81910414365823,44.560980909715546,70.38878248871633,122.72816181073092,101.6516973634786,54.56774697536007,28.424331014520416
3002,21.148071166541687,31.94042190996704,70.86410069449343,131.08422741668704,105.58637691180098,37.97342742851728,52.182261908531885,42.97338360686359,87.51384709099585,98.63883299626072,35.14822066248556,24.5470719032002
3003,18.555445523265547,44.87891457177378,56.28171550088379,109.6442661432042,77.00522636775294,31.052589030514927,38.80425419240618,36.514757202021855,96.53317567540012,88.5529295268798,20.193582406029176,19.564821387168955
3004,24.137451686941944,41.56719789306542,46.46153787678223,117.46663888315156,80.86748304614274,34.80207670819694,40.26946060212546,29.749341703867263,97.61494836007007,85.76798995173955,23.432525516932795,15.951116335067296
3005,18.55274609398153,46.91256643778104,49.30226842865878,126.87992670542256,87.22553989152841,38.806002288303695,32.65176188956358,36.11134325945973,99.0229535654348,85.13900548588043,36.13829789181972,25.78466213757713
3006,19.480536030542048,61.73715521010584,48.130712017296894,96.50242960839552,44.43439593539593,33.07711428481185,51.21100559483414,41.97641141530858,48.52748330735255,84.08489642928765,86.72211324415174,15.28550998603314
3007,21.79897568751235,75.83318087317282,53.02850440712422,95.98389458012414,38.73337854967977,36.47436584550488,62.25266993119983,41.07127886919996,38.63202935326039,82.83203130575185,67.56751304910364,18.352393098418425
3008,20.15874537069717,101.15422910016136,57.42095897017563,124.972343853299,48.78804008105602,38.09821260328963,53.06093742438362,43.00327596256508,31.410496827055788,89.6950250411978,85.55651820154755,12.920808310559902
3009,21.631709565577808,62.54833867994357,50.81055711702692,127.7239462336368,48.90790659018703,36.32146309489063,56.80101220013569,38.36679338545623,37.040127799198736,110.21808705071496,138.01589907224806,13.2956387469995
3010,20.074647161516687,66.9465111490244,55.35199727881818,124.68895988861732,36.509875470414805,38.42079090709506,39.605044058124754,42.12640134168765,25.4822075162156,86.75283446058712,122.16434608537872,16.225539315005054
3011,19.65180719555333,59.62884257063586,50.701948115421935,98.71040412012592,41.05138802402329,35.19663710532111,37.69161246930358,38.66680287424092,31.49662530834181,131.28746430078883,100.64236675834889,12.446652521454563
3012,21.889114400309573,58.41537619352357,66.09692484171141,70.26287989779121,30.22178058977717,39.488006959915744,43.769968024617775,23.04461569671254,24.901272574988607,113.39101724363604,53.48397475916799,11.925424522429804
3013,26.93230532159528,51.2464881322046,43.18239539349364,53.53094920969907,72.51460581688296,31.787522996655586,31.16279518504287,19.166248530519045,74.05380460868722,100.74192795809032,40.03257767455587,17.634225188246635
3014,29.404453289461834,58.38427775227368,23.76859905751081,48.67382875528071,69.67418393824452,23.287227027474938,24.0036529946641,16.091095915292815,70.28424273327629,98.16228267564308,45.68464060400053,22.634345946722007
3015,27.354755602525504,80.59842590857409,28.96745118764695,45.044367132584334,114.21751799628416,21.95661553342053,24.04819397335901,18.103564673730144,83.32626588765014,98.93319272322807,41.9063204731936,29.081658313887356
3016,21.96467184324653,65.25542983688116,21.893220842417925,54.89322066820749,122.16438301001725,24.426350006480725,23.85196254988272,16.83809463978222,101.70610068917992,110.76564266332466,51.04896427547741,20.242257221858036
3017,25.43540272204281,72.36279565376553,23.224558899596836,46.86694201395969,106.03000523273988,21.492376346124328,23.75976285472941,22.540200777526685,65.93087095746652,104.9739279507718,36.50249268143787,17.83440874252762
3018,35.41503451671534,62.35122011161412,21.27396908774663,48.66934123850952,123.71826733465498,23.38717523312424,27.30063346918876,22.45812053696619,61.355797495296095,112.46268439371376,32.65098033817821,15.160330373393275
3019,55.1694900495494,79.09289634035852,12.690297514634029,42.78920656162188,130.56424835406025,19.670888306574007,23.229971820901056,21.3155474138786,54.30269239773705,116.24410735312124,43.99240288994949,14.203651329453624
3020,54.33487584954664,45.47336815271328,18.180791549545724,38.79859240471542,127.09631025193416,21.72102025251504,24.62073825566452,34.8787855095229,37.76449281483861,116.74631907916913,28.388187465581296,14.535039151648206
3021,67.57533338431423,32.53965713407822,67.51335329293279,79.27004948606101,73.41023248987116,60.15034638407696,21.6672718614524,53.04602831025129,22.7124276171178,113.50614874945096,32.20992574085234,23.312027786651303
3022,55.01025615762151,30.60489883624018,91.54184697262376,66.38850295870775,41.384236656678056,72.74027266813654,28.501173723283976,51.51081978871289,30.28725554883317,109.63755847969338,23.640994523602824,50.48358824738344
3023,52.88345438837201,36.67449570449933,88.38833423059992,60.83612305273898,43.78472944463119,69.6445582750547,24.413697159849505,82.71876983291973,30.30365910949724,104.32757345023104,33.863608112094994,51.4765116236972
3024,36.61874827522452,29.592273648093368,56.613749283702944,62.92568926616324,32.24532268387823,36.692219543056034,25.42212498419308,61.94432796778183,29.01814954843072,113.91538533491412,34.44845851047349,48.95363591324008
3025,59.68258803267916,27.678134656281504,47.31500954889309,71.1252627599289,46.8964228524453,17.685878088953867,19.670332084544583,65.7953768183445,31.42739218355313,120.41907164827704,32.94120209089629,49.93200026091668
3026,72.83039351589665,29.044755275370463,45.937347016926495,85.47561356931838,68.59825856816664,21.43196689625787,22.178820160487405,68.30092119916497,24.04961226040975,118.36879149483396,32.78142354460167,42.8893608668453
3027,50.40241134248012,31.362055105746425,32.376917467945525,68.70048185686542,56.07254527301482,17.215507716970603,30.407188859742565,64.27010074986491,27.310695437479023,123.34079429167816,31.312261201861528,58.413815238517294
3028,62.68216241161608,40.69150039268213,22.30410010146924,54.7640216176692,55.608220147843554,17.402187213094713,21.85468076604885,77.1951631538533,25.48367200747188,117.91818883807716,29.589547735761627,33.54442130464074
3029,79.55088192861065,51.280379330936725,23.780729418529628,52.04346199486655,37.89374149298131,22.8835352640878,22.743162929305026,86.99942519005884,28.22602126276569,123.8808554806,27.83321230410576,13.244595862843957
3030,57.977300173614935,71.42236853691519,24.756521059276004,49.72613597893288,99.14460181290232,32.12513376539843,28.037653638222828,92.05878929599572,33.09474300227871,133.50099476239157,28.9740818575752,14.912578542172248
3031,57.09505247735177,86.81143669828525,21.77418440759172,25.578075050224,82.63470180134821,22.414377118659925,27.491543002468475,64.32954384480131,39.59167694531333,117.03864576702446,21.035156191620384,16.811018385273638
3032,57.36046237507542,51.52722333861732,22.031523251260207,49.95950278474364,112.40847289858344,17.18362592626982,23.111155545394425,45.457561923432806,36.019644645192024,96.85333144278576,25.9153418674562,14.775206454445748
3033,69.66521013227371,59.29184132657116,24.859855252420928,50.96195536472271,110.37960226122028,14.719462609149591,26.998907809823223,33.419557867591834,29.475618689623776,79.69992821380895,23.518156968070837,15.117176835805791
3034,64.60493350820535,44.79700058218145,19.4357726459328,24.754776552159868,76.72824438266208,16.15233333130496,24.08585885186392,45.35933389110437,47.24134739206312,76.2710764004847,25.889880144538324,15.1265081501522
3035,67.07115352452048,39.20676448888744,13.990865947443025,38.92545222415208,100.15023063677756,14.301102816149676,20.95209494114644,50.25915322359337,58.13011647729797,89.26338445236804,21.193773214131024,11.405010013369798
