,C,C#,D,D#,E,F,F#,G,G#,A,A#,B
353,-1491.163398542782,-1696.840015435063,-2064.270056813922,-2341.7160375716408,-2408.8641780565467,-2060.446558517748,-2825.8484922596635,-3392.3575160217256,-834.5496517313022,-744.6707857195797,-636.6073761566356,-1374.3577035536591
354,-1457.5956538452372,-1386.352508921173,-1570.3286990228837,-1906.6558109942428,-1844.343201049588,-1858.9780493376845,-2569.7180969255387,-3088.0986452701172,-812.7941726072071,-864.7782794845742,-626.7849385609421,-1013.7547271653652
355,-1485.042704388306,-1014.4217369075564,-1405.3317610644758,-1438.9581962996444,-1524.562553592131,-1502.4852128650336,-2020.42312235504,-2242.109018070704,-693.785328496495,-733.8037246343871,-429.7520353503325,-901.1018962086637
356,-1357.7660976895672,-658.8350961811625,-1538.3676829138587,-1241.996656042534,-1555.0923724569775,-1391.9293533548914,-1766.4000764182597,-2154.1742012314603,-634.973027317974,-901.21818078861,-373.6126887515142,-1131.1580364566787
357,-1160.0242937436908,-799.8494803008285,-1338.9770735856944,-1182.8805618533704,-1467.067475467429,-1358.4533873051896,-1740.8473181509341,-2058.932957654925,-677.0154910114059,-904.218908701075,-320.28312642201604,-1102.3711044118447
358,-1027.696497744035,-756.2863342851533,-1255.8718850337746,-1347.0063153344333,-1400.6231199287265,-1281.037624466669,-1546.4278065675508,-2060.108367032624,-606.494986874321,-1073.4150592632236,-279.69175687706166,-801.5109818428786
359,-934.3019099702173,-830.512408162233,-1475.2007920624094,-1291.5768799551233,-1375.7198221246695,-1249.7861704730842,-1808.1068834688172,-1782.8673907509797,-626.7484989198007,-979.2900960706016,-195.40758546844918,-972.1771792987454
360,-1100.0273902932884,-701.5728403038844,-1283.2352002322052,-1186.2958757193373,-1368.2361142614866,-1415.6234688797153,-1990.1154214510727,-1932.8925937669696,-599.1358389597343,-920.2746530106924,-555.9439652768698,-1067.742052197952
361,-1131.6569154354365,-1001.7708553854474,-1259.376279020517,-1040.9291152015649,-1483.3185565436581,-1479.4775460791825,-1521.8169134166535,-2049.546738892175,-535.523583244119,-643.6287293511399,-498.8051786999537,-812.6536727134637
362,-1313.329457491794,-903.1626450093823,-1519.6458964120154,-1103.6927217468055,-1552.8947270210606,-1346.0341878555646,-1598.7583601812366,-2249.4941470933522,-366.97880808523837,-777.4537792414526,-504.0451010426172,-844.6018311288761
363,-1201.6923308341482,-1037.2236279188637,-1408.3153111987792,-1220.0179781988425,-1612.8693608040423,-1661.143101235128,-1703.129770258126,-2178.016433798369,-487.3381848125529,-668.8583270592984,-516.3068660818739,-1044.0840147808262
364,-1149.014424877034,-1098.8675192768885,-1363.0683450101167,-1321.7514900790113,-1458.149105639993,-1549.4202508406534,-1832.812703327576,-2246.002158067989,-437.55563978865615,-693.1061766416202,-343.45316570557924,-1005.5505420038347
365,-1137.4628755478907,-1061.0683236737764,-1415.8837518613427,-1250.8407803397738,-1578.235857690671,-1598.983226878617,-1930.0027890463325,-2179.201411315087,-438.97219767394233,-668.3320769822702,-357.6969603579812,-927.480350012836
366,-1296.6146796162366,-1181.4006956681935,-1621.0348994511648,-1341.3868044760338,-1770.7964263078586,-1681.5424077916653,-1886.0307440456838,-2439.9852988026205,-383.6111857032631,-759.539248401089,-620.2026843514899,-1071.141084156739
367,-1636.1944919053226,-908.6551070649305,-1297.14349344691,-1411.3147790867913,-1688.2324527549438,-1708.7156729333813,-1666.3555845797418,-2083.462019178232,-525.3453452898693,-1092.4653418137727,-471.99455202254893,-846.1732160219779
368,-1447.6708343463438,-763.8770758615236,-1311.7452485343345,-1376.5345621966367,-1328.2650516246945,-1481.1981890832517,-1456.0701567372867,-1858.0547346518383,-608.6307459175824,-938.8452164627473,-377.6268555065852,-886.6250460998361
369,-1503.758670271735,-748.2222018440581,-1679.2968555000145,-1514.6300174790576,-1326.1501314577933,-1390.033954463689,-1435.8609374475855,-2219.2519193700023,-666.8849981516723,-874.4478964857306,-289.19666812648035,-864.8486471597412
370,-1504.3455865205185,-971.6705228360277,-1630.9559116285047,-1462.1089423352466,-1317.474647887375,-1460.3765947914926,-1370.7317127488996,-2252.0718421320103,-575.5317009409013,-908.566620196186,-206.35799287755367,-845.7109081844291
371,-1338.3148485523127,-927.3941721344078,-1518.6545132541385,-1467.4881137187713,-1604.8177995905967,-1727.3537888762598,-1412.2264772930032,-2390.9394346852864,-667.6551430257382,-1011.3665567625447,-395.69754963806037,-880.9345035860358
372,-1257.9211144945841,-911.1079096444755,-1435.7948982847174,-1445.8809064663233,-1611.7780267624273,-1733.3314902350767,-1682.2546923878501,-2024.3514575206354,-578.109891889892,-974.07670004164,-406.6418632476937,-925.1838242947991
373,-1158.3723215021375,-870.6662548542308,-1303.8233711540433,-1279.7343265347552,-1523.9516171379653,-1623.254629683614,-1575.344457683673,-2126.5249068093167,-474.2767099716796,-1054.0434093866554,-449.92279889128713,-837.7268132309633
374,-1225.6336336606298,-785.6311951738396,-1477.4816703644262,-1494.7002903643195,-1452.1791612755999,-1540.1672145623431,-1555.760069017671,-2091.1972252896403,-687.2686309695836,-1064.5133065412524,-334.0142930581633,-868.3634753565015
375,-1135.9006000850013,-928.8247610672647,-1389.8897775637327,-1313.4046546883446,-1513.8232561725672,-1797.6631921985725,-1412.0006399166382,-2141.676813773562,-526.3297033515265,-1006.0752274575999,-416.1902839787004,-839.4448898737894
376,-1285.7863672450185,-922.843539076293,-1405.6500333021106,-1327.5935651834545,-1600.1010470588776,-1652.2854380879419,-1437.1714132927261,-2026.9064143706091,-435.4304619196212,-973.7533845143256,-479.99574003057063,-732.090535529448
377,-1386.868990375101,-746.4627780659881,-1567.4529565219846,-1445.9240006017276,-1595.5663288258334,-1523.7007357760128,-1528.7223996296218,-2257.531346057673,-578.7322733818506,-1085.9015965569831,-521.0289960923708,-828.5399301498462
378,-1157.9278166763975,-825.0769828511447,-1722.5262343042361,-1367.816996379901,-1539.4181000091885,-1548.966683376469,-1961.858989657662,-2192.3703419363683,-600.0394630632918,-1128.1434850447724,-549.1286531380867,-913.5743337800858
379,-1493.7512963719546,-1073.2078820184959,-1805.4012357857027,-1758.3803718162976,-1747.5337261859006,-1613.8590614431107,-1806.3598014211511,-2245.7370588722574,-634.9389078691369,-984.9277140511473,-484.3610866281074,-922.4704194701793
380,-1554.998308278307,-1080.475018089929,-1865.253194854139,-1571.106852317877,-1648.2878950448305,-1799.2630513792983,-1857.2934878939936,-2108.497405841013,-621.4770899638211,-1010.7510705587027,-380.5835928852168,-1003.9790003129966
381,-1306.7521092857528,-995.476204503158,-1545.291674495299,-1133.952509636918,-1644.1874717517715,-1679.2744566941842,-1698.0982195433567,-1670.1685684006522,-481.5250911619103,-951.8152794169494,-291.22292601576754,-837.2372775141336
382,-1491.6199411827258,-965.5967632742556,-1479.7685352240067,-1145.05948223886,-1823.2552357118798,-1741.4466928889747,-1754.0051220357775,-1818.8973403415428,-528.3868072480276,-859.8478723447182,-295.4080776605057,-1102.2760206983548
383,-1254.3690712779985,-955.2757901583149,-1587.9239644373154,-1128.0658255634185,-1823.6499568937606,-1756.7470771921453,-1615.187846925272,-1726.2007462099164,-397.63723477323873,-1013.4248649433732,-320.60551324447584,-970.978828870437
384,-1242.567344434691,-865.1022316151276,-1425.2749750828393,-1240.242657269917,-1842.2407579510552,-1643.7677185592527,-1465.964549730007,-1814.7741211166665,-545.4329982726758,-800.8096449366715,-386.77522936754417,-1097.7068299794266
385,-1194.393580386866,-863.2418757559442,-1522.4515806970346,-1238.3001556262104,-1899.280204256411,-1842.5497292892276,-1589.481836982551,-2188.1427394437937,-634.5153524041547,-977.5439157931444,-453.07875597503374,-999.5185076695936
386,-1345.7162756789814,-964.4234979477263,-1695.4896404069793,-1527.2550275338822,-2130.5740621702344,-1857.9784757752561,-1978.038920120844,-2400.094351828005,-674.4848208992107,-1085.580914525751,-601.3777080697637,-1103.3428719414358
387,-1237.1776054463112,-980.4235994125398,-1329.9955333980813,-1412.845627972262,-1455.2526400429404,-1708.7381213335655,-1621.16269882468,-1803.268889777208,-599.7299809297351,-898.2312973766283,-312.4364168411555,-812.7582967586599
388,-1479.754200686248,-816.0478930909852,-1560.2733432301475,-1420.3345656032557,-1783.3359223356754,-1671.5304164279473,-1746.3385568335834,-2150.6488052937398,-916.5182926991437,-1251.3940498802658,-481.768776149396,-1038.04060072544
389,-1402.6286818511953,-734.6180378490178,-1450.2188335448968,-1440.3313718117724,-1642.3183549826583,-1597.364446085737,-1676.2548386939786,-1969.4762445609024,-749.6186375170153,-1221.9613267197335,-332.019865435872,-923.865775022343
390,-1061.3659069296414,-557.5101618480458,-1441.9286309150546,-1123.7892736183237,-1502.668412225482,-1371.5774912634142,-1287.4809088457146,-1705.6259859969346,-590.8078847170617,-864.6544771126474,-187.69046546482727,-904.5812768117344
391,-1126.8414014868185,-675.7042279546977,-1198.2885892232202,-1058.0322413818703,-1634.3074173748632,-1431.0174045462936,-1214.0945756335075,-1553.9545848009304,-537.4589632571615,-942.3454279453294,-190.87814479576718,-895.2540319713064
392,-1101.0328942362303,-504.6230093076073,-1354.6101227483152,-1128.7071653397895,-1506.9559524119172,-1563.138322782165,-1183.9026066038816,-1465.184006893706,-663.8270410675246,-905.3480948822287,-223.45858297110718,-866.178057587892
393,-1179.3524198239045,-471.4909683317433,-1420.8053815606204,-998.0803036136017,-1730.3858804479487,-1645.659733692116,-1657.2638161220218,-2118.154579888205,-552.5113205554352,-864.3229690866873,-305.69386072526675,-1009.509976771507
394,-1213.7673651278965,-466.0171474961187,-1264.517436368457,-1122.3648708571634,-1921.727991004378,-1836.5478549593024,-2030.8422781487882,-2486.3830999173897,-609.3135666653309,-866.077057247301,-290.36522500088773,-869.5717571906397
395,-1355.610666875901,-800.0992731154462,-1336.1281360084272,-923.9656498909372,-1494.4956046396605,-1546.024018594082,-1593.3529418569565,-1930.9603084832968,-608.9732241800201,-999.0630078569203,-335.4844106421143,-899.8265715330867
396,-1253.2285631864227,-748.7222120288678,-1195.5982071978474,-1154.9993762717322,-1538.2153267302087,-1470.8411535588496,-1459.1588374571634,-1596.511561739949,-491.49934483018166,-978.8065160754775,-244.6385510171109,-746.0439811954049
397,-1316.0410175255688,-813.5432870902865,-1381.1671958637646,-1217.8714187042115,-1597.3302577136774,-1760.0371111228433,-1305.919152551869,-1855.789419875542,-365.3259108300377,-915.6654523457048,-203.07118298385367,-815.3773657018613
398,-1238.5192625871825,-858.0663640686337,-1321.2400129950015,-1025.1622154044376,-1642.195192345662,-1713.6129711863998,-1281.7221979005196,-1627.4028047972906,-277.37152336443603,-763.5351778558046,-239.82408946545985,-942.2014325915048
399,-1419.9014329172433,-859.7358740888843,-1248.8391363783294,-1029.925259199917,-1805.655658896682,-1695.097656068081,-1557.4885878986997,-1914.2245989646426,-452.11158646061716,-776.068601589998,-496.0630815629677,-1183.6139133584752
400,-1326.7086306144106,-805.4884800520807,-1224.074571038968,-966.7580045826783,-1842.8241565663168,-1521.4321617451612,-1332.870276162611,-1754.6482484306266,-375.91412648491206,-904.2232500427972,-175.6099065396741,-1061.7842352312516
401,-1413.074423257606,-996.3973832800219,-1467.704341077518,-1132.069649227815,-1757.4888049149365,-1769.8797178770028,-1559.1953980780381,-1861.201964341837,-530.0658787696013,-818.287675228449,-203.44297976284852,-952.9404435187623
402,-1401.9929757863156,-1186.7897036443487,-1889.4253111837631,-1670.694206433361,-2204.7218691336066,-2111.1443600249704,-2116.321589298541,-2441.567457424693,-634.8119708705776,-797.8609834529145,-396.0995708627518,-1072.9696659001863
403,-1451.5579046998043,-1344.329993804291,-2024.756358789403,-1742.4107850204496,-2131.683458220566,-2229.544045734105,-2136.8984947132576,-2412.597614430417,-442.270773451371,-873.3120456749158,-416.63155309323855,-1035.7573160700622
404,-1627.7231681452954,-1644.954179804824,-2011.4898408155584,-1969.945534597829,-2303.8593464561122,-2177.7337216437563,-2122.6528290427364,-2090.464455581088,-547.4388790608975,-907.1972295824023,-420.57624115252935,-1175.6191292022065
405,-1592.798774076683,-1111.467534459929,-1646.6880361247452,-1337.5790302180062,-1945.0462478220504,-1894.5639576647463,-1736.0185554893155,-1836.9533885639567,-600.6202306247495,-891.3797259638593,-365.9911448245321,-1043.5069396885424
406,-1409.6359380880892,-950.806985467714,-1140.6331649473168,-1276.184524692128,-1422.4174424330108,-1641.843821339057,-1570.2341227007846,-1611.5886626589668,-561.8608294096883,-787.6881192838018,-327.1337043721605,-945.7413144691453
407,-1296.7652640269596,-917.2657607835043,-1094.0132337431944,-1130.395324588413,-1661.31526408565,-1526.829387069321,-1427.0750680401056,-1588.3633751408343,-551.295975746888,-763.1636191567917,-393.1218035300121,-1013.5411447832222
408,-1179.6689345020363,-828.4276201707248,-1113.2068975162083,-1231.299201594383,-1549.200770713238,-1455.5385879925477,-1282.4649365782934,-1810.1493136940064,-617.2272520262119,-955.9612070190417,-286.5225961201906,-1032.5313262565853
409,-1345.254268088398,-971.1781409088446,-1258.9172396516071,-1123.753014200869,-1564.959061485975,-1665.5102021964044,-1624.3401470669837,-1820.5381899327624,-642.5349999765709,-938.9718281982844,-233.93641453986316,-1030.8508621413953
410,-1451.5896809939347,-862.3000744999123,-1119.4158917633335,-1212.2685646357504,-1370.8485962683435,-1510.5931245678466,-1644.8718151503906,-2111.450835981569,-511.9662682225177,-891.6135600406569,-292.9828361662295,-799.9920931287918
411,-1377.235230614731,-936.8737811039454,-1368.1625805193648,-1016.1340288202106,-1692.0547743142472,-1726.0401867060575,-1607.5207989315438,-1831.1937698926235,-367.04116843677537,-635.6235301762674,-325.60519137318767,-933.6269436020616
412,-1079.978033595488,-954.7090946598421,-1294.864186622301,-752.3299752978991,-1747.5413232443343,-1668.8478612905953,-1530.638328662445,-1927.955561645312,-434.3231183751063,-672.7070369742885,-316.7454154755464,-1027.9470778445711
413,-1087.7340849942248,-1061.7083059898616,-1351.3948882207335,-1052.8173527927684,-1511.7318179668825,-1717.769381350613,-1380.1902727923273,-1901.6000815323841,-459.8999117668106,-652.5086458924549,-391.2231653931855,-910.5430928791684
414,-1184.6520298467099,-995.3844118410318,-1384.652670843364,-1186.942347107768,-1408.972910913798,-1754.926021280694,-1491.7295211542391,-1942.5977714979404,-366.7373295849063,-891.4317359931189,-285.2593580748612,-958.7854693411476
415,-1209.7432265263105,-946.591195166392,-1355.4390246631615,-1419.0841737031585,-1773.3302418215278,-1598.4349986056613,-1574.4704571021598,-2233.792762886261,-469.39572457481523,-805.7214884134266,-361.0683210012753,-1098.9644208236582
416,-1262.6856478740206,-1131.1869297794956,-1146.2292779305988,-1211.4283634480942,-1857.0429453541144,-1637.4520984929736,-1638.867730789034,-2214.6529134857155,-384.6666608318544,-844.8250560818359,-311.18085210299216,-1284.1289621557366
417,-1056.058325132101,-1074.6786091022796,-1480.8247163123776,-1351.627766972886,-1779.4664915814335,-1634.477973375304,-1580.9867900592847,-2206.7322857160148,-417.2453665385701,-812.7223185469618,-387.9384342425456,-1308.989953685379
418,-994.2421388517309,-1030.6380701923918,-1435.2832226728265,-1230.034335873073,-1554.6160814789807,-1555.9590944778092,-1585.896000840024,-1936.5475432298213,-432.8475469368071,-753.0280690920571,-292.9759551339281,-1150.4360917487304
419,-1188.3367937990809,-1184.8167136100535,-1209.113791438893,-945.3111761508324,-1416.9224102082273,-1551.1468810256588,-1498.9472118839249,-2092.238567666895,-488.47552719433935,-676.1998750149812,-381.23863266583646,-1192.1643790867133
643,-1121.3334864183778,-931.1890623935792,-1156.5960122282772,-1194.9126238527485,-1212.9937938001992,-1307.6321143480686,-1218.171420849202,-1728.9712865516688,-439.2107327937066,-532.2685141784791,-125.49303805495809,-1204.9907520782294
644,-1214.3646892852528,-1079.8711055789315,-1202.4569984994152,-1252.4317378088388,-1242.8727933995822,-1528.6898671710446,-1460.3580953423118,-1470.163310528178,-648.4316631077983,-615.422684283316,-199.77938922408728,-899.1693253571175
645,-1094.562965235737,-754.1783415935678,-1184.900999611226,-1171.508728499243,-1361.0786471109632,-1573.8044555771585,-1481.2649391742118,-1360.2252340804548,-458.7775788745436,-359.9723936343792,-326.73951053928573,-867.5407013494893
646,-1169.7919587279484,-875.4541087660015,-1270.9494754861455,-968.8373080969952,-1470.8301455542223,-1530.877317251313,-1554.948426857417,-1508.5885347868045,-234.72336390412133,-514.0550858847447,-307.95322380993275,-1098.2263610972304
647,-1077.9368208463686,-753.4449984478294,-1406.24318684799,-1170.7957583303028,-1527.651204368243,-1544.8511855496442,-1763.0750457885993,-1778.869499196903,-559.4249187124351,-713.8645201914322,-284.21031693191406,-948.9330634496628
648,-1226.5366719183362,-763.9132489583003,-1424.2686840215024,-1182.1064939839198,-1682.5850586748031,-1504.8499512366147,-1938.0399677655719,-2074.336403814184,-589.9156607174945,-561.1802599805951,-339.2765069269534,-841.1690560382808
649,-1106.8007014494099,-802.3060123919737,-1405.47828094457,-1103.6610180535706,-1493.2383137624954,-1473.586211750598,-1435.8270661903355,-1884.9707943919893,-445.5475554142567,-706.7837331732068,-260.2590973191256,-1201.549324974897
650,-1027.991664078343,-625.4811188998813,-1432.572322746517,-1139.7304204774152,-1621.1445047265756,-1428.0834300025028,-1119.6557265615745,-1796.0045883982336,-363.6294005293429,-805.7496317190253,-69.13603376687796,-964.7640618053985
651,-987.0255858214666,-663.2973672546277,-1377.315658186851,-1058.728518823971,-1642.463303856315,-1206.082303956876,-896.2220285674184,-1675.0811404511855,-440.4049263597667,-716.4041838732239,-31.67046993663476,-951.874794116662
652,-1141.34695524211,-902.982129022326,-1176.7313139944895,-1324.9980273008375,-1548.6725359452869,-1484.6062994793936,-1302.4256485083847,-1879.394969409197,-513.4364461837837,-894.4076864997118,-218.6600403145689,-1186.638072715352
653,-1099.6097438061367,-822.1098717454721,-1383.8613188147197,-1272.29104550223,-1571.5301865275715,-1568.5936861763078,-1657.4637588253693,-2013.9451129801025,-513.2296104813033,-952.2239055869886,-177.45212479023309,-1176.6311663330991
654,-1152.7431622960185,-955.6986923292437,-1695.435296498419,-1428.5824053394422,-2154.0619917602153,-2042.5352719829602,-2213.910319033533,-2330.8119354583914,-607.8138215820901,-889.0055314000767,-366.4189885424345,-990.0091146368167
655,-987.6988218281494,-1165.4662054437124,-1821.8226010693766,-1425.2167367533616,-2174.486301652398,-1992.3867239802894,-1965.8409197244766,-2518.629119674701,-659.9950095358572,-831.0756374830318,-255.9865935707824,-1063.7751330742278
656,-1087.109568647893,-926.4905591794228,-1510.4921824792675,-1264.943320740546,-1641.1133478915442,-1513.1072704068301,-1644.6080595652802,-2261.5579697814183,-466.01897856763486,-454.82181241552286,-299.93123932341155,-849.7551922004776
657,-958.6780357615256,-786.5697240194751,-1249.2783539207362,-1261.121955388186,-1321.7856217472447,-1361.880828088299,-1368.9724915783352,-1839.184289712317,-499.4543120441069,-462.6470228299688,-300.34367808935934,-720.688982781549
658,-859.5600716597714,-1011.9572845075947,-1301.8447461109008,-1114.4828762063175,-1560.7916334328836,-1116.9085331593967,-1392.3018750137796,-1961.2553889889728,-501.1376172258222,-706.7390732654308,-470.11472118413866,-689.8944373685878
659,-932.389667532104,-1017.407097615726,-1363.153651027218,-1067.0830497922416,-1673.594915991143,-1459.1169554238181,-1530.6961133991215,-1883.4663877379805,-480.6667450485608,-761.695223903905,-450.6720818352665,-1071.481648399835
660,-1134.995325125559,-975.080174914556,-1308.3576799684822,-1185.0126209708505,-1700.656471417886,-1616.6865948552356,-1559.0010314163026,-1817.5995122460322,-498.0567453276801,-693.6796470688025,-739.2917680823468,-941.6808073672777
661,-1199.54232281931,-1076.7204036291625,-1561.12115778555,-1352.22085326321,-1633.3372830749472,-1586.5958770664208,-1609.3393588932038,-1785.5690482685202,-458.869071571125,-832.0833169665823,-422.73247836056174,-928.515133757601
662,-1185.1176648776207,-1087.6753051112717,-1587.7918873231267,-1336.8170296425328,-1579.882218167214,-1687.310074594007,-1515.459316376485,-1866.368218979509,-365.84422042048635,-987.4832856083597,-500.0998432278632,-1140.4612770586632
663,-942.6601312317308,-919.0097485884908,-1687.1510245739717,-1227.8687203562552,-1743.1396227205555,-1610.764500643298,-1293.7063323576344,-1749.5419254817914,-309.20984910344015,-1031.2741782911219,-268.3699501817572,-1192.46370841093
664,-1182.9897693998835,-886.7559842406554,-1343.0618639109994,-1316.9333051116002,-1954.1221576689447,-1598.820363201162,-1143.7866657137945,-1869.5941400591007,-326.98773761569544,-1128.90080899017,-466.22583791138567,-1347.8899838292607
665,-1084.081988999823,-1085.1901982940283,-1430.750620740894,-1270.813699247657,-1693.9121093891395,-1570.2046774024689,-1211.474016769635,-1837.2505390353608,-391.19273164516164,-957.6894350181536,-335.9916780283124,-1060.1049201411681
666,-1077.2943875783624,-1128.0777862987488,-1604.1319141452482,-1309.8972567600094,-1723.7654928411976,-1718.5185681720566,-1521.0467905124524,-2001.0200874418963,-489.5608543162835,-786.1475705394785,-396.018510141861,-1081.9214162994751
667,-977.4082153190974,-1094.894161127524,-1707.5509151461222,-1562.391564645699,-2129.255403072777,-1566.7360153223472,-1586.5003590793667,-1833.2367555930985,-635.8765118408819,-998.6160581197493,-396.7685412896775,-1120.9466908602667
668,-959.7921111738519,-1263.7108357460122,-1899.6367322530027,-1917.159697269815,-1898.3457174880718,-1884.1189194875242,-1665.7622218648955,-2103.919465798188,-642.7076515208938,-1157.4455902884345,-428.63049961997774,-1297.800723445709
669,-1040.513740396016,-1108.1160068266915,-1567.8206501214165,-1547.010442386126,-1459.0252661702639,-2013.581761870633,-1251.466459305088,-1901.9804388178923,-460.964567352174,-825.5475787607004,-492.3111400538964,-1060.3153791837528
670,-1326.2187628792635,-1322.6411150871534,-1626.2307131163816,-1526.9766722506824,-1742.4950459734575,-1767.626100147142,-1445.6483286458836,-2112.362366663887,-513.0194541326232,-915.7237834532823,-398.0493577366298,-1182.2920365429966
671,-1114.2029686171409,-1204.863460658929,-1431.3588765140305,-1246.2345301449648,-1887.970969244974,-1657.3862294809037,-1420.0879811357372,-2145.5986316500585,-345.4061018799464,-815.8885927727039,-518.1117770671776,-1068.3577099149177
672,-959.6653703121926,-1232.0888070009864,-1442.4892324418,-1197.233606939547,-1989.126323718549,-1699.1694428622104,-1376.7409068938352,-2203.109236685168,-208.96413299655097,-776.769795052326,-438.2288952040348,-1124.0098134846064
673,-923.2522375195321,-1090.372022606845,-1831.4227685043554,-1302.2683379844534,-1891.557848280544,-1867.8855810393275,-1557.0224519237024,-2241.91117450112,-86.6855244381187,-907.1633477303798,-571.4838565337616,-1010.2545683301614
674,-1138.7981187569912,-1073.7236504690813,-1725.758438991575,-1435.3137408688226,-1937.8937689775119,-1611.6024580605015,-1650.243430113323,-2176.343845336313,-397.5966068751519,-842.6960212102052,-412.4738579928448,-1052.4793948970596
675,-1184.6390005400938,-1178.170834082377,-1667.7933623684162,-1438.6379269989773,-2008.2686097119824,-1909.8185490180445,-1350.5472588565026,-2086.5492882349486,-273.15566425247425,-835.4165399835503,-585.9228838550033,-1097.4440876952317
676,-1647.2160271487155,-1346.8268560614454,-2038.330447947549,-1709.6114028681554,-2319.8423779976292,-1924.555708856672,-1501.2077777060172,-2430.819701824052,-320.17548583692263,-1112.6382095065767,-845.4866050108084,-1030.834854813813
677,-1569.903866883417,-1404.7241091145725,-1895.513633730281,-2095.109390436871,-2338.471071330058,-2187.5699151417184,-1709.7397782287667,-2449.636425086773,-499.4309296295385,-1002.52297062196,-941.2459541696016,-1015.9598228020418
1631,-880.0690074437343,-589.812754623232,-1336.4625656121718,-1324.4367623566172,-1373.8107280069376,-1097.609618861637,-946.518611672802,-1833.8662358149315,-79.9027760869814,-787.3074755299064,63.60926345797486,-561.0248082076994
1632,-730.2061403004094,-740.5769968942798,-928.0195265262269,-1322.0129145023425,-1148.8248083752962,-1375.755980623942,-1292.7498905590705,-1622.1909147457025,-350.21746795485535,-743.2183978115056,-204.50834190501027,-593.7134825232997
1633,-888.9387075303337,-804.5302331180553,-936.9253267007532,-1358.4943269219796,-1168.7736992412233,-1406.3325962372894,-1343.367380784347,-1465.9306369472845,-449.73000281982473,-633.4012136081371,-227.37481131653058,-494.30119441668336
1634,-852.180086184168,-662.5572670781431,-978.5188488541122,-1354.2400343388651,-1129.3936558139853,-1247.310853113731,-1189.9131186818736,-1702.1061422564428,-406.02321542202276,-757.9772014547392,-98.78982148790054,-473.6425366491122
1635,-911.46996621763,-423.2908552251693,-1094.4005804871954,-1192.217913603235,-1154.3641115983705,-1192.471473377947,-1143.1380560487084,-1574.9738740230002,-388.0491858518794,-952.059031235319,-31.211043650711474,-400.21142349579696
1636,-744.3902116163031,-473.72229244887114,-1073.0810920385127,-1317.2283094269155,-1382.3017318049592,-1201.8223328708818,-1128.29662298968,-1632.032337082586,-362.5029344113054,-774.7314656155157,-99.03335764079064,-300.11600743185875
1637,-598.3768675518229,-720.10205264553,-1199.7570023982346,-1124.1505107188402,-1230.9194030865801,-1206.2539630037568,-1192.9797022538833,-1672.0435499562675,-393.44519574980654,-845.6780269598042,-98.54441251182138,-420.17005856714036
1638,-778.5558794019815,-821.1329834647156,-1141.2385461179167,-1147.7675291573987,-1408.6132932486216,-1177.7961965256447,-1210.2557618650192,-1651.9879296890506,-449.3046578375807,-859.7823855304333,-172.4253173078682,-524.9628092683689
1639,-905.001538357628,-977.5350684978577,-1424.167829463889,-1780.715750906825,-1778.743799858997,-1872.1825961848801,-1681.7701693853771,-2274.4342737860275,-447.9341450757893,-867.0717539358242,-244.1924792944536,-524.4348388495182
1640,-915.6930093465324,-837.6422165792412,-1293.4725244582526,-1848.884066844251,-1878.5120693976223,-1815.8781168237424,-1753.15923497649,-2500.9408367946203,-360.2533149762897,-751.4650671788189,-190.3700625728075,-556.5895797768733
1641,-1046.2747268235687,-837.1709100017033,-1198.072841087688,-1599.0687090813913,-1475.7483856989008,-1540.1048903026285,-1699.399558934221,-2038.548979733558,-452.50224313229086,-768.7974917142735,-254.67591439493077,-673.3198638780838
1642,-866.956880655625,-948.624488352338,-1127.3270048320974,-1369.7611123215918,-1338.5781614033187,-1334.9631417399542,-1624.0767259096176,-1583.946523717511,-270.33348499209546,-1020.124341790763,-296.7733180601488,-567.2213232757516
1643,-771.8072099324415,-900.7645651665104,-1353.303125614057,-1042.8637025761113,-1398.0484219035975,-1185.100461633542,-1509.0431074139115,-1539.8553699048698,-228.24418406526783,-783.1202873006248,-41.38504812490618,-710.6890050227897
1644,-710.8586590579564,-818.258909577328,-1206.5122202504112,-1236.3542837494012,-1653.8144993455514,-1290.2400421352672,-1514.2861955381259,-1543.7890896165702,-187.91598320033268,-890.5443029096369,-148.96231811114137,-707.7770615879883
1645,-1005.880790250805,-647.1103427349526,-1292.307444804398,-1179.0248759995234,-1589.8985963760892,-1174.0948779606128,-1577.555216338203,-1504.1714334301905,-313.24022356017014,-753.5320194463233,-209.2599233259696,-598.3109375106228
1646,-927.5339707006099,-820.5050622175186,-934.2173409190007,-1345.3987789777302,-1667.567486144941,-1126.7781358459736,-1551.3127001244488,-1559.5900962096698,-399.3093427865691,-854.8731067785072,-277.44200405341337,-782.0674199781944
1647,-931.1176076100073,-959.4984498128592,-1351.3600580507843,-1462.0004136655496,-1809.0636397845649,-1365.671227926365,-1863.1366122426887,-1921.912987663751,-492.412994092641,-930.4420253457544,-393.7739960318647,-810.0599044967917
1648,-1119.3363631713337,-1047.7428903844223,-1334.0170549881286,-1326.9777242519344,-1569.114783896042,-1119.6165486402801,-1684.275841794295,-1694.8164003336328,-660.6367395617189,-1119.498825664955,-331.9769971550845,-676.3063547315862
1649,-975.7942270657104,-955.2891487199576,-1301.5966362831007,-1481.203602957523,-1719.856248245592,-1687.8751246755994,-1539.8508435508993,-2093.6623293223747,-420.02980666766564,-1248.2524593504538,-240.3816256356325,-733.4358561277353
1650,-1108.8010341162064,-945.5561613555952,-1169.5020487015527,-1581.265369483297,-1504.0170268423162,-1547.2814741606812,-1541.3603540151362,-1742.9417625282733,-585.9550500306567,-1155.183847772847,-380.46874337713433,-671.6018939228376
1651,-1018.7287734828702,-778.1299230481427,-1264.551538450248,-1446.180550516618,-1494.8824858084506,-1624.8979911205242,-1619.0280590023065,-1547.957586081289,-680.9837879112578,-1085.874678855753,-223.13302215243363,-882.3098339743635
1652,-1005.0924380384,-759.7768546200115,-1193.0294966275094,-1303.3710821359164,-1625.1250367254547,-1406.6815306404542,-1494.8061506896606,-1505.6471632958758,-640.0799498389832,-1114.14103196033,-160.2289003194222,-649.3960841353003
1653,-936.3910026847983,-963.8796322964713,-1223.1823528781329,-1449.3196732097324,-1689.4734590405953,-1317.150714992525,-1565.664069172571,-1412.0948663464194,-632.4053876384423,-945.7429908525598,-162.44650747672986,-877.1159333805656
1654,-991.0315449563907,-841.9441058172972,-1351.1083355037802,-1423.7526442405713,-1697.9315341171232,-1655.1424617841074,-1278.83450859054,-1798.6410818981476,-548.2340384805722,-969.3445679227824,-257.71648887704583,-837.6850042352996
1655,-1068.068777286699,-930.4767748998039,-1232.1082578284645,-1479.265508900184,-1765.9127567637177,-1520.456309376339,-1447.787695886583,-1763.3571228404776,-684.4864240111016,-958.1473768249336,-284.88218094111915,-811.5925644844835
1656,-966.1283369767334,-1033.0979202899723,-1466.1084474851566,-1343.6589115517465,-1787.3046507226327,-1459.7134880814779,-1669.7178824351772,-1735.6358743401142,-684.5085686716094,-1001.5612200314528,-410.11086656206726,-944.7258769826817
1657,-1038.7334407982253,-940.2696680448973,-1268.081849150163,-1380.876017185829,-1631.6302212402845,-1396.8766266825423,-1593.0999103912918,-1695.8849511239546,-350.0847488689314,-881.7386491361387,-511.4642860103589,-760.5038389855999
1658,-1079.0170385808963,-1368.5150254538162,-1668.7255513281589,-1285.472080953416,-2011.8297667957183,-1508.7185584531617,-1911.27699876417,-1961.8384871174103,-547.8435434490833,-934.1399067107727,-468.775158341088,-1163.4442893138369
1659,-1204.1848971182872,-1290.5519471565785,-1519.7608505364642,-1327.0253934676712,-1985.6270238245029,-1659.4454640899185,-1835.816501722366,-2075.731272260705,-461.1003006218508,-783.4529632553673,-628.575897828801,-989.3239435478056
1660,-1120.6986330492002,-1066.8749459662158,-1395.2180989199505,-1492.2599871253278,-1958.838910346851,-1474.0863316494,-1652.528073159228,-1795.691643419309,-424.7326186769989,-1062.8603252766259,-327.46069479743113,-778.7205587707757
1661,-1030.9275986788523,-940.4731515891443,-1418.11152011675,-1346.87982014125,-1768.659880539948,-1539.8306537357605,-1648.0463124460266,-1997.020851507876,-583.8071254778773,-1072.1467141190324,-410.4702215833788,-1024.7306346459447
1662,-969.9844568258736,-1002.9435912636144,-1238.645869504597,-1339.6705022009642,-1770.00704220695,-1341.2365222653973,-1752.480341657543,-1768.968509115882,-736.3115941115437,-873.9796644564525,-436.89122689362205,-903.1937506618957
1663,-983.8164512012883,-1013.6107459516506,-1528.278839841154,-1293.0534166078378,-1689.6854883224764,-1186.5521350004567,-1630.0903869148196,-1837.8397981929168,-544.3815090837966,-791.5010907878593,-299.03137034409906,-1063.424795303781
1664,-852.3347922068032,-999.4542009761752,-1403.2911813149426,-1399.0632141490116,-1693.2333701532752,-1595.2451274671023,-1804.7216974658295,-2380.8938888463995,-528.2901601444798,-949.2661988085367,-532.4056570958476,-1022.2021318356572
1665,-1077.6759493383217,-1080.481545513677,-1486.8859642925886,-1439.3055691235681,-1718.4780123636835,-1657.927335851912,-1733.5289979802694,-2083.964715150274,-576.7084147960779,-1077.3312729362328,-595.9791250145937,-1024.7652840783967
1666,-1007.769509984724,-1295.911600756759,-1510.0354415069448,-1802.2940176750726,-1991.9644180920002,-1887.510385927787,-1943.1890121008707,-1995.349616467572,-710.6431312804283,-1123.1111503454897,-497.6348904930345,-855.1775679900603
1667,-1205.804260333146,-1045.6639483390227,-1467.4212514268688,-1448.8297575126223,-1893.6919573504917,-1707.2379693294515,-1618.0984207178278,-1742.642440514419,-538.9901782275697,-1180.5047450198254,-501.8246666310521,-1057.7998070862068
1668,-1016.0097423547696,-1145.9654646653753,-1185.9472166137116,-1302.1753935541628,-1718.007171075358,-1568.1431205801007,-1677.7492101064518,-1525.626074502514,-470.1887674288169,-1033.5188505421359,-466.78862365850915,-999.1513269040648
1669,-861.5436545513194,-993.6018869248552,-1275.7947320453816,-1126.6869581690264,-1713.534088016354,-1402.603798527962,-1609.355668847245,-1611.9211903670068,-489.3064432036936,-1169.1247067572951,-450.95620733439193,-950.7194451862192
1670,-985.6836807693887,-942.9351778603032,-1343.0722843752662,-1241.9101735924935,-1623.7283659794186,-1506.6204833692022,-1658.4231726657874,-1721.3075381337396,-387.49859136266474,-952.1585710088657,-378.4714970750948,-874.0413781077693
1671,-930.4597168557502,-767.5471956899313,-1394.1128223111032,-1170.7847269028882,-1755.199545441907,-1250.2746410596815,-1604.595013690179,-1727.122858393032,-681.8364257728599,-880.6952720401564,-420.03870931690767,-958.7657448176593
1672,-970.9134545665629,-953.2146696563091,-1493.8362416711727,-1052.0764547444192,-1804.0137934408015,-1458.066442244272,-1482.5277413545111,-1701.04500817271,-537.4938903611599,-988.4698421020444,-390.11316339997774,-952.9970709391408
1673,-845.5881459367848,-841.8567883506311,-1577.2751396449555,-1095.1116282812336,-1598.4657734772259,-1427.8722387700927,-1351.890988806522,-1699.8824078245289,-259.92880435045794,-961.0152440521726,-365.8712199672277,-878.2262684308461
1674,-864.060167313871,-959.7782985078695,-1127.0155424465433,-1165.087779287491,-1516.471637161782,-1237.8231179902284,-1460.397469474926,-1862.539911737244,-146.32994963466572,-934.3586955000408,-400.30681463231,-854.7170205320317
1675,-943.018779213313,-965.9502124272847,-1161.3905253991338,-1278.9482279446001,-1580.4733326330972,-1694.1325236792184,-1624.6684456630944,-1815.4605198026557,-300.44135442747034,-956.5586860414065,-387.17276553862166,-852.6217586455879
1676,-1031.9750364588049,-954.0171377227948,-1038.9003298220423,-1192.877379991205,-1433.482896122392,-1511.1368243611514,-1741.2438873165106,-1774.7474452725655,-321.86867213621605,-880.5327215937434,-478.976108986094,-895.8705027480032
1677,-926.9953059848416,-975.3052801890336,-1199.8500764848802,-1147.4837600041758,-1585.4189307925367,-1627.2165981385767,-1618.4320230035853,-1594.7977289099738,-214.35028626351365,-1074.7462410958976,-431.35276263177917,-887.3732638204657
1678,-920.7668403323872,-766.9291365858277,-1194.6438255307414,-1267.614653748629,-1332.5715670650986,-1424.2387028623882,-1241.5706584977136,-1577.5349379752026,-521.7847613118573,-976.722912205068,-235.751425013988,-895.1835608069723
1679,-785.3730495650734,-692.6903637543013,-1231.1448788230127,-1423.7363088844675,-1204.3239212008434,-1316.1705480204969,-1359.56790904959,-1789.35719554221,-389.44157033450387,-1070.5306829690055,-204.7867033872264,-730.1233929193165
1680,-851.638160033685,-600.3100895462749,-1362.794681949355,-1242.213452229691,-1233.157285202003,-1310.6559987999244,-1371.539648317949,-1580.734954209136,-461.64225288760076,-883.4968409499451,-199.90202199567688,-1004.7628312360356
1681,-804.9213874784369,-690.5423102361185,-1230.0367450912927,-1289.999896853181,-1705.7502407202835,-1273.817120594471,-1563.114448720829,-1525.2466334266182,-426.5444563389021,-1128.0602122769874,-185.59547156961492,-743.7758139868346
1682,-803.657474457814,-735.724413764799,-1062.5583876012768,-1252.0019401865673,-1459.2285734130594,-1334.34585858139,-1371.3715602628301,-1589.086329582414,-359.93405814740936,-841.1607147581808,-262.9837577606472,-762.5174237776408
1683,-1030.52921830501,-869.0225093500467,-1358.2545504417321,-1451.5816828584675,-1680.96013427251,-1745.1864263128687,-1580.2675040886766,-1512.416839236296,-332.42916274508883,-1079.3607041235132,-349.3650876171924,-642.4763338589868
1684,-876.9938278413749,-677.5662284084933,-1286.3573150681725,-1262.394486662654,-1432.0371373297726,-1619.5898740132275,-1768.097831114747,-1350.6200022940245,-452.3668815683889,-1124.2094308380954,-254.43499050360302,-887.8391480127926
1685,-622.6260256055159,-689.668500410941,-1188.9938078713494,-1014.0650513921707,-1229.729666885115,-1300.0550040960225,-1513.9309687544517,-1238.5863824555659,-574.2186813423427,-968.4203893832793,-162.56913205012654,-929.2672099734027
1686,-676.6816737194978,-615.6470923908469,-1080.7052426987234,-1040.3242801615986,-1382.4382591928952,-1345.7699852019082,-1408.0034476960975,-1299.8923491499804,-370.73573110152387,-977.1706130040803,15.907947063284606,-649.8864718231732
1687,-941.7721530767036,-736.3499578098648,-1191.0090965377392,-1184.1291202866746,-1381.9049319333053,-1579.1232161923851,-1409.7823821989389,-1489.528184741843,-405.77975808605635,-975.8723959150805,-19.69724063468589,-768.2266309200826
1688,-890.5622457495732,-741.8339977313167,-1197.8708833791427,-1179.6720490318878,-1568.65597222316,-1527.5025566179004,-1436.582362244387,-1550.5099054101486,-418.5588896534264,-1021.7008553187072,-220.02165293513474,-668.4971833960642
1689,-773.694020961751,-698.6493258587705,-1204.2488759670705,-1222.7588327536835,-1400.9863573044113,-1525.0594678758182,-1623.116143786378,-1397.170426105585,-602.9268864105736,-953.0388616798697,-83.89627359194297,-702.9409663912725
1690,-813.2720763175612,-641.4368329000854,-1295.0630639232531,-860.290690346917,-1222.047380411259,-1362.7331040704835,-1757.143282937129,-1430.0979234834133,-431.79612383011687,-793.872475528535,-109.50145525749599,-742.3282713243315
1691,-868.266866761057,-734.4102468125056,-1004.7826541989328,-1214.4864410594007,-1275.9741884208404,-1348.303826176319,-1631.3299658847232,-1737.5668476770945,-532.0307092282276,-855.5030617439234,-286.02863440208694,-673.8838591971768
1692,-1010.2902051020799,-710.2028181817982,-1211.1683725304413,-1163.400073103473,-1208.9921522456536,-1579.0433243188475,-1325.323613090752,-1441.298677199318,-430.8390285224125,-855.905080458985,-190.03250599863372,-856.6827823651461
1693,-799.8644745526046,-711.5476704126878,-1073.6840395912207,-1097.1641873282808,-1231.3691409901264,-1474.8053551240937,-1332.4394381190882,-1502.7257206454626,-306.19784685576,-793.9690411747072,-254.2419089444948,-1050.6318079156547
1694,-814.2304628426754,-788.8242935911812,-1230.9991587273753,-1415.775023763252,-1388.794432130726,-1412.3241010876184,-1530.1657339225644,-1536.3264991717597,-490.4900322954233,-815.5071083520766,-220.87099078289,-692.2225854968642
1695,-932.9919382579816,-788.1623532042332,-1175.1111971092046,-1316.4233524996014,-1283.4844758871393,-1532.4851503341406,-1270.8330815562072,-1485.3700912729498,-478.57046287663763,-837.6545008406952,-121.20585324566777,-808.3546316834804
1696,-725.537842650348,-822.4279761696727,-1183.2102974515212,-1300.844079707859,-1231.588111980669,-1356.2828490346967,-1308.5294768966298,-1401.861776543519,-573.5398250535169,-1017.1039537470496,-306.1462693437361,-726.710433821765
1697,-792.7470492614169,-721.5321056640604,-1120.3564537459142,-1274.9509530133082,-1090.1011410504366,-1392.5811374606512,-1132.6486475152,-1476.171837113993,-303.86691134254966,-516.9334414077354,-370.2069896107996,-838.452874717824
1698,-861.6718728758932,-1025.0768873962104,-1397.6071329169986,-1475.4980402861065,-1357.1267928689172,-1503.936847050398,-1448.7546797803436,-1713.2531351121688,-234.85649339468543,-602.7221971833131,-412.23273729429985,-1058.5907719592456
1901,-465.5136095585968,-1123.8814309076656,-1355.7259897582014,-1297.4377818158355,-1407.537852392568,-1184.5980107506198,-1286.4795013159126,-1844.6888800124923,-222.62746418457704,-617.6641767588925,-154.7361321855318,-955.3605042295736
1902,-847.5541387602817,-1230.1789813254165,-1601.3360653689545,-1908.5194451091531,-1953.0350215617407,-1534.2430884503112,-1760.5662022131762,-2186.1938924679866,-400.28928266160085,-692.9981501706852,-465.03817454261286,-886.1195534741936
1903,-794.9114120155542,-992.4620541662274,-1661.9204693014015,-1602.103274551946,-1589.859465657533,-1628.7089699231738,-1347.7897091770226,-1877.6460189019376,-476.9649746113528,-912.886039738853,-193.47704016623885,-1055.7574866813288
1904,-740.0133577283149,-644.4594188127426,-1162.6786076655376,-1299.9208840250353,-1178.9129263652944,-1042.937978733116,-961.5717521291227,-1545.0660748681396,-308.1287103113471,-888.0114842389721,-111.30893204844459,-952.1723582043517
1905,-675.7901715458796,-667.8784325696438,-1428.0498511872265,-1179.3256172161066,-1296.2381476399128,-1117.8244349150384,-1045.3534090261735,-1446.8241256439212,-478.8753297392154,-807.4406065061203,-3.837520378953116,-926.3963586947459
1906,-683.5483236888869,-714.9232641930334,-1395.9573882328696,-1028.98610751809,-1261.0476798464474,-1277.5400550650254,-1140.9436317759296,-1584.1298054010103,-495.81006906113925,-850.1234417705163,-127.13446485433883,-973.3873101940976
1907,-837.1631096600476,-711.5498893281017,-1285.4574292970638,-1056.9830204371917,-1487.0064135120679,-1128.7400771481753,-1221.9866416663651,-1661.7348020886059,-477.56193407526473,-794.5238247572631,-94.85518621886705,-925.5641093136217
1908,-1025.1966713048103,-757.1880555399204,-1221.8429354622895,-1243.540837218309,-1415.687700436975,-1378.8491790447306,-1207.4128107187055,-1593.586953888794,-487.0623322841294,-977.26070146681,-116.25746198717758,-905.6791454138727
1909,-962.446183781029,-864.007381292718,-1398.3081904780177,-1355.8929407276655,-1707.7594795162909,-1153.53174321337,-1193.008112128049,-1673.576635533275,-413.14398556252996,-1062.036768035712,-158.59765201987014,-945.8416565820064
1910,-968.7865127226056,-941.7143477338003,-1378.6726010498292,-1449.8938037101595,-1668.3543484082572,-934.1529179221629,-1280.4060084543241,-1697.5444919640995,-447.8774684185802,-945.213132912236,-170.269167474751,-923.108905150704
1911,-988.7219695272283,-865.179137728646,-1128.1605642747031,-1347.1181965979981,-1645.677418687781,-1320.278858043785,-1432.2167395349688,-1636.0629041083328,-483.82566693233656,-932.367342842675,-137.96282642627034,-695.0835552983468
1912,-1160.3124081353367,-1003.2850996586383,-1125.486348207324,-1284.703709356077,-1736.865161211511,-1483.9724517510172,-1595.7410285843537,-1595.934735763536,-314.15236349119203,-1087.251253463668,-2.8863222804736206,-711.407060192132
1913,-940.4854857620587,-768.3988623223973,-1365.3653403567596,-1155.5475925169414,-1486.0378036932293,-1426.4104171469348,-1560.2486332833953,-1699.0463180112995,-131.73208852089329,-925.0572043579108,-58.53835346484613,-922.7983521898152
1914,-758.8042625032083,-875.3292012525748,-1120.2276416193736,-1031.5186251243815,-1467.794179691527,-1229.9189584523633,-1356.5737641538285,-1780.866313270656,-109.08210312447692,-984.7771540862133,-41.724077890706894,-809.3610842669314
1915,-765.6451070205773,-797.2189999867925,-944.1116290059323,-1163.2068108362405,-1438.7428849698263,-1410.6650188047684,-1294.2380966287128,-1717.7364306472296,-202.87362829100582,-789.3624724152505,-42.55031944093838,-858.0956648669176
1916,-825.9692345439746,-690.1995587420088,-999.6468266265684,-1304.9360003508045,-1712.3685688006308,-1369.029982914934,-1469.8228562618642,-1592.0362401153122,-216.3334937590172,-901.7262841995152,-191.90656313644106,-796.5969225116447
1917,-922.6156603888066,-724.0376860166168,-1376.9605094675433,-1303.9416393673202,-1602.832119006523,-1234.274355271973,-1664.896285445271,-1691.7386284932709,-471.7252261815871,-1007.9640177658227,-95.38735374510954,-845.018745949066
1918,-832.3211495166925,-666.7604154493954,-1015.7524855625701,-1282.945967373784,-1522.8676200666591,-1373.282060717263,-1378.9556234773981,-1752.8727064272116,-375.1928528950671,-958.7822529921252,-55.39041303688497,-652.4483151588507
1919,-954.9998915035834,-705.1127611149492,-1172.7427958831156,-1337.0621295304425,-1494.9578304307886,-1373.47420527563,-1204.9935324004175,-1800.5573113660641,-391.5831137808714,-962.9503125620917,-97.40272789732313,-831.2812494839461
1920,-971.3051308904097,-757.5958339338819,-1413.816914845362,-1519.8312973770487,-1619.9189639381589,-1705.2816643178726,-1305.0853762199613,-1811.5935367122586,-546.8537655705201,-999.7507703150831,30.796922793034238,-665.2566098403678
1921,-972.4149065823757,-775.9776144638244,-1051.4921131039073,-1261.8220300588334,-1476.018790194546,-1695.1672964856161,-1076.3252617790258,-1808.9998084766569,-549.6008467717237,-1096.067894280741,12.816573157738619,-681.1747533860922
1922,-912.2918137564432,-735.4792554794827,-1087.8158757191793,-1503.6206266467047,-1281.4531993924354,-1601.6802690102872,-1206.1887377710218,-1529.6098809586822,-494.4100784788786,-979.2134959454564,-133.9331887347668,-613.7577554667394
1923,-1024.9654952986457,-759.3243436316437,-841.7204817701466,-1338.7701381290535,-1416.6341663819485,-1394.874313903139,-1473.0455546563212,-1516.7944678382144,-398.7749891322664,-1081.7397938903332,-120.45364934491774,-625.4254666940416
1924,-1011.6169382224537,-720.4599614699174,-901.3315680903572,-1291.9011272331466,-1503.5362227656024,-1369.5164581416482,-1343.3940713380443,-1406.4857874189922,-376.14550103187116,-998.65393644778,-198.1161913105258,-653.6869624446144
1925,-769.45478812312,-764.1804182022142,-971.7817693667228,-1416.3015967435322,-1334.179505628813,-1304.6130067686565,-1237.8174709660993,-1465.0267638091434,-305.8230262770336,-1020.8818617578148,-46.54406158715882,-676.2379990372012
1926,-900.3292297168092,-644.9754862073104,-837.5162278219902,-1237.3502750194782,-1449.26338648105,-1363.907290150666,-1184.8040630427056,-1549.328366525307,-256.97756875992036,-789.603882745919,147.31641128482755,-545.136881571175
1927,-918.765937308156,-676.7465122217417,-1183.792050405995,-1432.107882060226,-1491.2285928373792,-1074.8506661599606,-1390.9201145293428,-1535.2023643044638,-307.2304839293049,-879.0928684866907,-95.76614115540798,-463.99380103187013
1928,-1218.9231068919935,-733.1208157600084,-1115.8723005599347,-1485.439315402546,-1640.0556574222076,-1419.3330795917373,-1329.3768917825569,-1733.021385599851,-344.9788555325266,-700.8973122385008,-240.94706238334288,-565.6044812974343
1929,-1227.354710321282,-739.4091447880987,-1207.087384043481,-1234.0882974293982,-1693.2970222617328,-1306.546079808297,-1481.2891121012788,-1674.5619692838586,-348.6086185010808,-849.8489516521512,-288.05079177739515,-776.4156521688112
1930,-1094.6593946744483,-592.8120621261437,-1170.2721809570505,-1294.687655550978,-1555.1746100863102,-1457.3281482029847,-1289.7767825303247,-1492.4543626655527,-343.3626247825364,-838.4716807225528,51.276890245054176,-719.126825102155
1931,-965.1292051483476,-612.5385620009723,-1234.3846561598045,-1250.470741209339,-1546.1363589523044,-1285.847483770609,-1571.241091021365,-1656.8346873475634,-454.41815192511496,-890.4721874846949,-43.474029400332206,-427.39295220520887
1932,-993.411576608412,-604.2901360353403,-1090.360604360622,-1306.828130024154,-1648.9897584254581,-1141.0570777614073,-1227.8203839251069,-1349.6297467131697,-419.3198749836221,-790.0103539103052,-128.38584874721008,-461.099411858177
1933,-980.5338711517587,-504.42366866036537,-978.412762395222,-1395.9433758720554,-1469.8453710799552,-1150.002307570229,-1337.1529165247314,-1417.308983753373,-483.4246344849926,-840.1779161523049,-44.0692111462111,-524.0628283925859
1934,-901.6628227933506,-530.5478060857856,-1066.5857666418262,-1262.2319245416445,-1374.6817549560967,-1201.9800310873766,-1327.973058114336,-1537.7197806892111,-305.1440534981299,-743.0395969955626,-51.63142287818989,-668.6532610578597
1935,-983.5247231679207,-610.9672003970976,-1238.3274442560519,-1278.8725173659614,-1677.1077934993662,-1366.050847723065,-1543.4485051015356,-2133.080211760698,-364.4775943176713,-806.7005313887597,-90.15399394977793,-673.2247427320958
1936,-1081.6858806366154,-625.9253681187273,-915.6097507076207,-1212.865267661041,-1512.8819260139398,-1251.665877326345,-1392.6396605682214,-1458.2960332370162,-353.592605171974,-654.298789886916,-102.54318241389186,-481.369312843203
1937,-1007.6917286832307,-712.6133609636037,-1189.6010433992635,-1312.7293912246705,-1611.7040056667636,-1373.619599104358,-1371.1777380118288,-1683.4808428856409,-418.1977309283141,-687.6861017658043,-301.3869347030508,-536.6880564584071
1938,-1087.4261506990524,-576.5822200904664,-1166.0498646420172,-1336.2839159626235,-1354.5944342217736,-1644.2465629467004,-1244.486625720363,-1587.0346545147684,-435.04113862901113,-891.1671276210263,-158.0268578224887,-559.0719252988687
1939,-1083.1226487511342,-698.8738067667406,-1248.1339022329246,-1211.8795453262496,-1475.1395944154615,-1525.9970085068906,-1232.4735042731472,-1637.3652059301126,-354.692967291662,-840.2065427359734,-1.6292227428049841,-706.6138087308807
1940,-1076.3793999456082,-779.4402052300812,-1193.232521006437,-1328.763190782235,-1432.745917020091,-1328.5511163386527,-1209.6970559458148,-1454.6442870144767,-366.8973827493991,-889.8937747702173,-90.49224812813696,-641.1817532356563
1941,-1098.9035455437684,-709.626537728716,-1061.600327163438,-1226.5388215947448,-1535.626717712989,-1203.6867652204855,-1655.8323424259077,-1570.0232812068436,-512.8890212271766,-751.8220941044318,-151.1232897851424,-521.2964896711893
1942,-1186.6911605939135,-715.0712330052638,-1331.8615434464982,-1410.8118219328207,-1734.4845334564707,-1632.8877217424356,-1754.3801991684436,-2007.9378452261808,-538.1723322876161,-685.7032292691014,-243.85304128018555,-539.394239075169
1943,-1036.948830516427,-808.9628802158747,-1247.0963488004033,-1458.9036704883083,-1880.9843513887624,-1871.8743468214147,-1782.072759123706,-2433.284765766172,-534.3743588670228,-836.4677527052615,-42.3625242611925,-766.6402457103273
1944,-1056.146584306723,-643.9141556700164,-1099.3073381102433,-1210.5617101275232,-1582.0240447735202,-1361.9234853329367,-1510.8129231831049,-1864.5079002400269,-439.7091797748486,-896.5001967138264,-235.6646126224588,-674.3189770204208
1945,-1184.9185866587695,-767.5220518526323,-1108.9199760170927,-1518.4652274202938,-1489.6054159714502,-1303.4947899550878,-1518.7127661202649,-1591.4990909571247,-293.7056567586058,-924.698723320992,-205.52601334373924,-736.953507098706
1946,-1085.8321278594788,-785.631588989767,-1139.533720730023,-1221.7990348810567,-1437.364564581359,-1570.5885866103372,-1683.5976747563088,-1457.6958579094132,-241.9912833239085,-950.730833718508,-211.782362088242,-766.859813164287
1947,-1016.3696783487347,-977.6589357112841,-1075.0583459777063,-1070.3662973145172,-1412.6911902006063,-1544.5523490112655,-1290.0863234945668,-1931.9817878766492,-118.0659728220117,-715.902087067343,-89.94734858206976,-631.0645575619003
1948,-840.5507340777882,-869.1860614862395,-1083.0210108263839,-1043.6317900026927,-1409.0351083103478,-1535.0623050959373,-1336.006760111974,-1603.5667271187585,-142.43886833914226,-692.6233275323482,-251.8220626874069,-724.741270898472
1949,-942.1602127626587,-943.6225049937268,-978.5890309039827,-1306.0973165611647,-1626.0828111581832,-1306.2448845493848,-1302.180459622415,-1528.9676185972048,-451.8595751152131,-690.9606197213333,-85.58563992320866,-704.9671292549585
1950,-1045.641429460139,-1000.7033576323672,-1160.4713805253364,-1172.3364244295697,-1471.6930519198786,-1617.2118901405859,-1313.2382851301109,-1665.8160097008054,-325.7277066220505,-682.3620407005194,-154.66413740027755,-833.3718409038705
1951,-1209.999477047798,-929.8775739214113,-1161.1722480574992,-1480.0136272396815,-1653.190332069782,-1683.7147411684145,-1720.9908990778574,-1625.4342627919586,-325.2139347510292,-757.8733884070433,-358.28990514082204,-797.4355344080926
1952,-1086.5845910056807,-1219.8620584856135,-1160.008368986489,-1537.0972062549406,-1734.5035290113308,-1574.3016440489068,-1693.5334936206752,-1648.0641868656633,-523.3779917464825,-896.5452757846901,-364.86905137086467,-791.8861707353078
1953,-1141.482153649149,-992.4874771759697,-1200.7105344524105,-1497.8346411466723,-1352.153588013519,-1326.6886744847009,-1581.633180668743,-1574.8865668136414,-402.3669141421788,-755.0757150946358,-406.8727011392334,-682.5711921041843
1954,-1218.1944754096746,-879.2359852453006,-1556.1407363687008,-1221.6300098079996,-1602.9162330415163,-1541.408473372589,-1339.8686073155952,-1350.0880826094674,-409.56047578818846,-670.0156000914004,-331.27481359776823,-833.3739686272812
1955,-1041.6088832605928,-866.4404688209497,-1118.5088528274612,-1070.7392396006665,-1570.6631710565287,-1484.5264265129456,-1332.0408947283522,-1473.1943193606905,-428.750529189052,-712.5265136392361,-376.4385602437844,-944.7685576048165
1956,-920.7720933977188,-798.2001289946027,-1224.6997077231638,-1293.811318972005,-1518.6956864793149,-1584.693392276038,-1424.022585438279,-1323.4249578214576,-448.7910076988343,-929.162197837456,-263.34881968371565,-1083.4956956521687
1957,-941.2340057286904,-683.6808005127252,-1221.8319800190327,-1132.6065854056951,-1625.1867027178446,-1502.7120418573095,-1405.4549039859796,-1312.077690947444,-568.3525569227918,-894.8993354134027,-334.4527824513915,-1039.4533602115312
1958,-1179.4478502878467,-911.543713277126,-1194.9184631734731,-1203.8824160225556,-1730.3472105064154,-1388.7768012415936,-1440.7920530251286,-1533.1337688649282,-438.9351511568775,-876.0999376950807,-251.56270524313118,-926.9760010450921
1959,-921.8012942083307,-772.1208234262765,-1256.9405723047205,-1105.9235290044267,-1584.6474175614733,-1361.605842712122,-1360.7444479792084,-1402.8082895732045,-368.1455699171231,-700.611825054248,-252.34531373535785,-870.6561634682619
1960,-993.793248682198,-836.2667580462765,-1508.4266573076627,-1143.9738604023107,-1625.4960817854662,-1463.6276103636633,-1755.8912482903054,-1772.0100655158938,-697.9544385615552,-786.7928953181605,-526.7000371127608,-1347.3673363016494
1961,-937.6805298642823,-849.7123914593677,-1588.0900339895495,-1260.9593729864575,-1441.4030720470673,-1484.4499949946396,-1422.6630666062595,-1724.336514716521,-450.8849746187827,-574.3207863453918,-496.4553296568748,-1018.6037783635927
1962,-981.9772804059444,-930.1124508290973,-1199.7894945510968,-1014.8646224811748,-1396.8566274978145,-1560.2929630510375,-1495.8807119034493,-1917.731203527344,-83.97725928094441,-484.38882969957115,-381.9544230720829,-987.969469051184
1963,-1110.4245638301068,-938.8369797981843,-1260.8283414571792,-1196.2985460737762,-1486.551925014662,-1521.7959272350552,-1330.4238222977474,-1650.4031544517209,-285.12874357488937,-562.5952302186628,-356.54239017859396,-764.8127138757626
1964,-962.6504788758673,-931.9114539495947,-1005.068209703874,-1021.9410358640467,-1460.843702459012,-1442.1086009383212,-1276.9994862340918,-1675.0883388979898,-130.41720697072358,-693.2975638868343,-224.80717029469966,-871.5008757627769
1965,-879.4546843816589,-957.2596801796666,-1193.181257193128,-1062.3291669839489,-1596.815180007382,-1489.939075441784,-1243.4752778668894,-1751.695098899489,-1.5588049995588733,-728.7204552444223,-279.06097471728094,-1060.2023814054087
1966,-783.2143520179878,-939.3697733190223,-1322.8565972930874,-998.6346016047639,-1567.6054932745064,-1369.5871177064346,-1423.5313247624954,-1652.0088110704114,-10.085848108261755,-854.8677593710732,-320.6010417519631,-1027.8371283554548
1967,-925.1264156007588,-1002.094524792556,-1242.2505891133776,-1132.3356204281315,-1284.7359716655612,-1412.2436224922405,-1507.7334987930512,-1810.167048649627,-180.8149403424401,-736.0417493799459,-132.0324889280372,-931.6993380076967
1968,-950.05897527981,-1321.127848497395,-1182.093207781242,-1288.7903895569502,-1444.478613135832,-1326.8369084398355,-1321.7153582013755,-1892.2905938139486,-103.69128418556619,-739.5496554921286,-453.5086839390135,-1126.3466021929664
2932,-724.2907133778565,-1049.9714317134626,-1500.5287779834653,-1543.3756369669052,-1907.4132169854238,-1969.743606299869,-2320.4167215198363,-2219.434412376176,-474.2319373496371,-632.2848057837014,-381.596105560876,-668.5285526773694
2933,-941.139383987297,-1037.293878986864,-1286.1083375306239,-1388.3993833322809,-1957.903626944877,-1950.0566241016709,-2118.809717227816,-2302.935017714994,-550.4766263589952,-639.5899336006431,-320.64912561178267,-640.9899577777182
2934,-916.8523911901634,-555.3652344597111,-1138.6008215407326,-1146.279165950937,-1527.9764526906204,-1441.1908072469096,-1077.6397155644431,-1521.0352365648687,-404.60686555774964,-942.3498063982734,-198.5921792263356,-603.1513641086552
2935,-1051.0535928193535,-554.0410294485582,-1079.696649337428,-959.6688025816493,-1640.348155525511,-1190.8040169518808,-817.7391456804637,-1369.2168012535299,-606.7414846567982,-919.0463010472353,-94.27691464814107,-588.9566412273733
2936,-706.835926654995,-642.7178170367629,-1210.2565550810782,-1120.7068239468474,-1599.2689884053805,-1215.9428907077431,-1004.9815466001326,-1405.5925918493595,-329.52140183755364,-919.4258861073939,-49.546161508062255,-519.1741687970202
2937,-517.7104248347007,-661.9401919101633,-1085.8495655487427,-1095.3737892424977,-1695.642347642888,-980.1807900310283,-1007.0842012820177,-1469.4397097336025,-467.91792489762804,-946.7518283367192,-114.28832434134432,-709.0865992107432
2938,-737.5022462139326,-632.7336372994025,-1124.7837428277624,-1086.183785996927,-1557.3857572740008,-1248.7469348755512,-1333.697876420081,-1448.03179712499,-545.9218812075317,-1035.5561301455114,-309.716301672822,-585.2163856979133
2939,-886.8636641584279,-658.5195510525663,-993.2741163474899,-1128.093111405797,-1811.0162771547587,-1194.4319449566879,-1337.6444239535113,-1450.4384893528495,-505.1549122940628,-963.4510259633785,-264.8610157274128,-718.9380288773135
2940,-990.810301417128,-758.2823789836515,-993.1846369124403,-1183.6137082434725,-1606.972029131881,-1491.878562594399,-1517.008863388661,-1445.8423643415535,-595.0289153933915,-1077.9856168579392,-244.4650159619616,-799.7440684660922
2941,-1182.4102580335798,-1103.8301671253137,-1626.6169716197635,-1604.0646628686636,-2022.6471064504046,-1859.3376256803158,-1751.366619906615,-1938.477118639846,-646.8558237920113,-1086.0077643387767,-341.6084981731251,-908.6367580071136
2942,-982.2991767816768,-917.713669831655,-1400.363934728909,-1469.2852152409118,-1859.775343668777,-1713.6037054160336,-1388.2968921123734,-1513.5863383227695,-513.440865453028,-1138.282199577675,-376.01553865537943,-883.6856177121123
2943,-820.3434823281627,-818.6767546801103,-1230.0360828188145,-943.4382742337388,-1644.6112085544885,-1635.4229069493356,-1246.2838147341326,-1541.8446965552482,-391.3715522560448,-1272.68166824325,-449.2955481060663,-893.624456565501
2944,-655.8316386624233,-775.9164142238568,-1331.6791740370454,-957.9528378986987,-1560.4738322278413,-1346.4508016783866,-1299.689831378518,-1437.7029365392225,-330.97660761807566,-1178.4605223962426,-299.27273267723723,-682.5974826712645
2945,-842.8028912064322,-872.2826373878634,-1279.1534838682305,-1056.005568296196,-1676.5653931054737,-1560.0902251223295,-1391.128055608789,-1425.3753516933145,-372.56530861015676,-1149.609244027903,-85.74751362289167,-977.2035779935277
2946,-924.8095355532653,-780.4275082094832,-1238.2381642599742,-1057.5075096699184,-1723.1561292500705,-1375.4048033107017,-1391.4773263117029,-1551.3411296261872,-351.26491883918305,-1056.525797572717,-184.74386504259132,-889.0476238075763
2947,-968.3031482353397,-863.7906135167054,-1349.6401307018496,-1267.96536189465,-1744.0331497421691,-1598.226160178386,-1493.1432614118307,-1910.9811571767652,-406.57665665603116,-1018.8286091676983,-238.8643667400871,-988.6066181473216
2948,-1225.4896938553165,-900.4699440108162,-1245.8732181205005,-1209.413482182965,-1889.9702055468772,-1683.2879130045847,-1491.12039010731,-1657.2038327227233,-355.74778501047206,-1113.5828286623919,-304.4735464303772,-876.6609981531212
2949,-1087.8436963805966,-824.8158709519673,-1234.2084213945027,-1397.3142690451834,-1726.2984941423858,-1703.5065995554098,-1317.6797100997935,-1961.5367833203968,-363.7414156202809,-1122.9275837696068,-104.45665319191885,-885.3813685700529
2950,-1119.1368900054192,-768.5406097354747,-1434.0228614662472,-1502.959001728849,-1957.4061984878485,-1614.6755200329474,-1487.6745592834802,-1961.9609949325693,-379.2039973024508,-1167.7895916517025,-447.3585170549786,-816.4354901597832
2951,-1002.2104507703908,-670.5195916796008,-1114.4097690661729,-1252.934619264771,-1699.7232767244925,-1526.9492615045624,-1174.7049873251535,-1865.6004290013238,-401.9617392168556,-1226.4406480551374,-221.2388659465569,-748.5350701401912
2952,-918.9360051157868,-604.8623849432472,-1377.7977669672532,-1297.6587955325936,-1670.689369510023,-1474.6046725238284,-1286.1762158341485,-1669.7063101885035,-334.92295221755694,-1201.621087247501,-162.7517537033294,-876.7002999879065
2953,-875.6700280676097,-626.9328019343793,-1131.650979060925,-1138.0573811394795,-1560.2679558835614,-1278.8705004470414,-1473.7856760117932,-1750.1982321333373,-550.6963725463363,-1175.713368792067,-216.0749926359993,-1003.7083215266092
2954,-995.6957675283389,-678.2114571619633,-1284.0405028114526,-1305.5757298427475,-1565.919100539762,-1315.4536944299152,-1257.9146389072368,-1709.037368943337,-375.94307617839996,-1067.984759076145,-254.87341027126496,-934.5534664965944
2955,-1126.4818652195527,-596.8210897238607,-1200.4142231234089,-1153.2800559737213,-1761.9271009820761,-1297.7911526801565,-1347.9511135411105,-1680.9552091519863,-406.98732985509287,-1075.2788039720815,-120.57614214512311,-1041.1207667947144
2956,-1104.731772617384,-652.1364933524686,-1204.354888966755,-1209.7815772164824,-1780.7113923279267,-1407.4557882575198,-1363.2737499149448,-1735.9105972373272,-455.2825797730392,-1098.2493766686096,-378.870632770561,-1016.9864230002098
2957,-1060.3618179842952,-796.8477656408397,-1442.6401693980356,-1236.1815208600162,-1665.1742464131448,-1591.1673727721918,-1465.9875051210834,-1828.7700502336097,-397.7364333181228,-1004.6055703812559,-477.3160826055149,-921.4578744239495
2958,-1232.3614942739775,-943.4542178947709,-1463.1515239648422,-1459.4201940662458,-1780.2539652938974,-1524.2389652670945,-1267.5149369619771,-1820.5830548645667,-203.36040995439117,-1017.1238717180715,-304.9391148761937,-1125.559130763034
2959,-850.087482106391,-886.3077300573552,-1216.7498196274375,-1178.504082465585,-1655.6349481159161,-1312.2432591749146,-1237.8765274383165,-1731.610115758387,-58.41202242572325,-1010.4230312647848,-237.39262881429104,-950.7618533401993
2960,-754.0937863131368,-726.6853899672942,-1408.5428398632723,-1160.8559691320067,-1727.567866143816,-1613.2348495501158,-1373.654705735943,-1803.785618170815,-270.89656634851684,-775.7413828474694,-288.9723070460147,-1004.7737818180102
2961,-846.4819052573421,-788.9575326709017,-1351.6649295381042,-1257.038469743683,-1658.2727677376522,-1679.1265617525964,-1246.22389356396,-1801.387583664473,-212.83980345093,-854.6081690296597,-325.52474217584887,-1081.6023667352265
2962,-723.0370904124384,-804.3838512757719,-1363.6610671422725,-1280.7279936415396,-1465.6853056360653,-1395.2065359392682,-1219.650011732529,-1857.5768252637079,-175.86681045556278,-682.7117112063521,-196.25533998949848,-991.5581915384868
2963,-818.9931213025155,-827.727820941389,-1515.7298443259326,-1252.924889212038,-1638.375143165779,-1438.959623078956,-1021.7808813254338,-1868.652469712352,-14.852169587395847,-685.2894119217291,-181.08542264502327,-857.754713519525
2964,-990.9470605259962,-827.6438985784438,-1470.5412838727273,-1585.5217472598545,-1767.580764379821,-1880.1179709656988,-1585.4627096894733,-1903.5727543931325,-291.0752590098181,-759.9062691752589,-287.29087372380764,-959.2366735351843
2965,-994.6042408884404,-875.4511722132324,-1255.071594492819,-1436.5370448812134,-1389.2717751709424,-1421.1879159219416,-1315.2088480952111,-1731.6325059411483,-450.630155152213,-788.0786335985341,-295.2590638139791,-972.4092825557497
3166,-761.8261609854991,-877.3536513257985,-1568.0692297732633,-1219.9781923069024,-1737.44043943964,-1351.3171990959195,-1459.8340137283317,-2093.0233445943627,-274.5482617147985,-628.1728245327781,-456.50648379957397,-642.9996162932033
3167,-703.2193939820302,-640.5584135516873,-1246.9444851747105,-925.8892572837863,-1372.6708072505687,-1190.1644700623144,-742.8878302167177,-1370.4645366876498,-416.42885261123513,-727.3278283013808,-193.1605539978525,-692.8093942223574
3168,-668.7771679871744,-511.2687079114845,-1229.357714998392,-819.5228145131198,-1181.5140107310388,-1031.6892850946554,-730.3500499605682,-1318.5887838792376,-417.9177593855121,-618.2101052929138,-376.27058379914075,-620.0771639451788
3169,-794.9837546699573,-559.1033317910118,-1183.9092617809672,-825.5696769331965,-1256.4762968433756,-912.0903895539419,-712.1964597497722,-1234.7526710030672,-461.45222679841913,-571.7662558338162,-72.64458045199981,-652.7262472970369
3170,-686.3509993187685,-438.67521537997584,-1168.798039894219,-822.3502998065474,-1251.9259975889504,-750.2088265384892,-1025.7279984425218,-942.3778859999563,-200.78822888765797,-825.1901403159123,-140.1673440995713,-591.3247866876609
3171,-641.4577090292065,-682.2197397576682,-1025.2092358639284,-942.9729547363644,-1382.8428778274067,-1036.1292306922664,-1157.9750540928328,-1190.9579621035216,-239.2775599132568,-750.6525824540922,-124.37183197705272,-583.025540155802
3172,-524.8202211168209,-482.050507805354,-1254.977348770676,-1098.9402033418337,-1305.1396505742496,-1126.4658803926548,-1073.9343452870708,-1143.6872884926586,-168.76122478782293,-781.8411052825763,-221.20166131737588,-613.8031890821642
3173,-853.0721757369383,-516.1819309677809,-1124.5288443759025,-1126.1061355285085,-1375.4516854105918,-1015.8983932702232,-1077.4937405146813,-1215.780911897849,-265.23585465336413,-793.3302392870547,-101.0317547567328,-524.1853078148215
3174,-888.7031499950432,-422.0818309092023,-1076.1470492550045,-965.8390582906017,-1452.8068420908578,-837.5027690157484,-839.9914319068653,-1079.7232601951682,-447.3201320330422,-1044.3951593209931,-30.39363297300776,-430.5056672792652
3175,-961.4549810062643,-486.4791816365881,-1279.760908951971,-1009.8804175000577,-1657.201587654402,-1278.9705157567018,-1327.2070312237738,-1593.8864433898486,-403.6823066998983,-703.5680005848864,-138.84325285272956,-402.09790324025533
3176,-1136.5220464400572,-577.8138982441085,-1105.3035887164967,-998.502433877696,-1526.2284146099066,-1354.4939645974014,-1238.2888728885946,-1321.9764799073566,-91.17940562306921,-834.5663339355966,-99.94321742576977,-393.86662477586975
3177,-869.5452344986278,-427.067230040832,-1029.7913030755112,-823.2887325024892,-1235.351881518458,-933.0457565723124,-932.4185687635761,-953.5669083649034,-93.83524808157809,-706.0118983748401,-135.32555747316144,-437.37277085210366
3178,-719.5053327871047,-383.73182089861876,-1054.3080328043739,-1052.7938523631344,-1149.950342500681,-1011.0292067862268,-1235.4879760268116,-1283.6494617031306,-43.7556115128516,-762.9173883750252,-104.4965865128895,-496.7091724530151
3179,-971.9500394897022,-527.8438195694747,-836.2700682638675,-766.734358952583,-1125.2838217471144,-1002.5739124698165,-1008.1546277085921,-1188.7735044498195,-179.7738721845171,-947.9601446782492,-147.17873333776188,-431.43282446116837
3180,-841.5468536217389,-508.0219515982087,-946.4049041430324,-844.6293116313964,-1044.3858855838705,-1158.7572640431529,-971.3583691826287,-1158.0106059100565,-221.07458633583062,-726.7061598411653,-203.857115719384,-598.7848833359673
3181,-982.8932846344712,-461.8168822156135,-1034.8168059098177,-971.0144980361799,-1279.6172771505435,-1080.292347833873,-1374.9021944239335,-1201.7848211015523,-78.28349839293834,-761.5723105006833,-39.67239389855462,-593.5298071540143
3182,-1145.8595719271145,-481.1333926254607,-1049.6847158323314,-1143.8025421075752,-1185.519002827542,-973.4012224595816,-1473.3934614287107,-1279.9606825682326,-85.53056026129771,-872.3204978090663,-121.23711625716356,-347.185732001865
3183,-1037.6635189430986,-458.71504993178945,-1034.6145988420199,-965.6679807206,-1300.4651069596785,-884.8468143584837,-1285.4754770557456,-1192.1289802563633,-275.85281138876843,-878.6592210327842,-220.95575743957954,-287.89994407441213
3184,-984.6971684826393,-512.9103400482842,-952.536540877614,-1010.6861755823863,-1064.629930595613,-1201.4389513121907,-1074.83779247202,-1123.1839340039874,-307.6089465244503,-1055.934320706581,-217.1042246584594,-536.8298042686008
3185,-1122.3374268646803,-294.9004139347697,-859.9624038304083,-1285.7340493105992,-1155.3861150961404,-1203.4461262393168,-1158.219191320966,-1175.9856376865405,-491.5103239318237,-1234.2263424543264,-79.80571693933194,-492.06022827222876
3186,-1028.2731448740249,-248.2456189876582,-992.758466781627,-1100.5907280593394,-1106.4707243893768,-1103.0000496397915,-911.4765806260069,-1111.1811725413647,-232.5831880115173,-927.2445365634873,-88.77828710522829,-487.7913581605416
3187,-1121.403198295523,-398.621662131272,-795.0039172947553,-1078.0134821921754,-1117.4883365086073,-1075.5815206981918,-981.7813871991884,-1145.7000964365245,-367.65828057303366,-882.1094150944185,-189.44619104472045,-496.32901648491514
3188,-1029.8998046005568,-330.28359230487547,-859.4477157840422,-907.9962039697259,-1250.2268508937852,-1084.0359177676028,-1026.4699787351726,-1073.6024955930143,-213.24145949196742,-885.0965644467888,-14.809439783457606,-396.2974425145383
3189,-999.9905029326641,-373.3453866707315,-986.7013356860792,-881.9639570373413,-998.8668847970663,-916.8178008413997,-973.1818951854872,-1136.5008107200736,-425.19143329127456,-830.1548951882617,25.25621997596983,-286.4261292425568
3190,-888.3940835194293,-281.5875840898167,-798.2901711589099,-1000.2113743765967,-1184.2567939824764,-1009.0142578783307,-968.6647406547023,-1224.0981644428769,-309.93636695593165,-835.8448907598734,-208.78502802820947,-476.11411868280294
3191,-914.5781422453497,-391.5356005658744,-1013.4551200084017,-945.4981444021436,-1173.225651700622,-1153.0201984735625,-1275.1496734065072,-1443.304844262627,-428.16819083506533,-778.5119057727527,-70.76864427064719,-470.97787906966886
3192,-1108.6524923085963,-411.724351387467,-1008.9778986020772,-1278.6529567479765,-1446.687913680002,-1281.3073422216119,-1569.41340447894,-1751.2540921939105,-201.07243565369905,-778.6093220686955,-25.23814811998045,-641.16029037522
3193,-1025.7362697050978,-522.023193901397,-985.9191528659405,-1048.3352812667765,-1348.4587092938145,-978.333743151792,-1192.050141514874,-1143.842904175331,-200.90515209656002,-746.2093345141434,-161.72122053066528,-429.6900390515864
3194,-1250.4472554616068,-379.53758467676903,-936.5219345259873,-853.7146772039046,-1216.9513681721708,-1135.996808770656,-1146.031368548,-1097.1585273068447,-123.88178054195282,-760.8120896562198,-200.2331631755469,-665.0589161986218
3195,-956.2918405691133,-240.46420376919204,-988.1546535484509,-1130.5179056554355,-1408.410414773978,-928.6801033285443,-1312.9101467666792,-1094.590099303944,-156.26078872941974,-763.4948703593851,-219.58773727593484,-620.9120223005432
3196,-1080.0839628613264,-401.513281948436,-926.8955385768784,-1038.0630261583406,-1246.2054223139094,-912.9679638739535,-1215.232279762773,-1089.1861362649822,-310.3155095297223,-782.7450963184438,-47.78935467355847,-551.2998688127072
3197,-1081.7410947447863,-502.9420880874002,-1046.2464777788005,-1034.4902542177006,-1453.530755755311,-907.3540665104545,-1280.4866217001975,-1188.579074331089,-293.72176688501685,-900.9187232674293,-36.971124948131376,-637.9660779927792
3198,-1087.2272437040338,-385.4427508381023,-1009.9041621466672,-1093.9822249360807,-1477.9339528468427,-966.1162494706095,-1251.5620871017986,-1224.7478280823054,-250.4830185925026,-784.1611423060994,6.315692604697149,-544.8476984939941
3199,-1127.498225393854,-447.6261168671247,-817.0362814969717,-987.957463644854,-1309.1382064920165,-970.3022007511348,-1199.1538149220232,-1113.2548673582007,-266.4897709312885,-781.585974884301,-184.89399099470702,-529.688695912873
3200,-908.5484585023636,-347.27734831067187,-1054.1863367250764,-1014.1206434492387,-1359.3449667129005,-1094.1472869321406,-1160.4624760779711,-1136.8855485046665,-234.99123259680286,-887.2911716554802,-151.7784825507453,-537.8906827276983
3201,-975.7415955984517,-548.8866407295825,-1062.572437702667,-1189.8034866580106,-1288.8980512504324,-1394.9300930948712,-1371.9761267595406,-1624.5027118671164,-363.1698536294195,-697.1463983159807,-284.8843787849572,-636.6907272659241
3202,-1109.589842390252,-590.6006677680343,-1110.0199712856815,-1230.7294924015953,-1517.695536564037,-1211.8822337318456,-1163.890486589528,-1533.1087979546814,-445.2718589710996,-1121.7432865959688,-273.16927381616415,-759.2895737235417
3203,-1049.1589913100584,-445.87083183953376,-955.9152714927687,-1351.6440975191447,-1241.8507062739425,-1181.2332187131078,-1162.3813670470995,-1307.9773073257945,-397.150688064757,-726.2268688962483,83.70965943695452,-602.7983355642265
3204,-930.3220387679339,-260.2594360024377,-1102.2420306588333,-1299.2814032315425,-1295.5259976310238,-1148.8276481231644,-1087.5743444789873,-1433.450175080728,-314.6398119806868,-640.7852963271545,-55.231376326256466,-690.4467615256244
3205,-1136.6102138368012,-372.67176770765417,-1109.7619374770911,-1134.1507526676155,-1053.9630218518307,-1374.946327999323,-1150.9168417717713,-1379.6638359652893,-498.61819106995074,-766.8157574962557,-61.94537292413021,-650.415991819182
3206,-1049.8987360720246,-468.19935754757034,-1097.9798097828184,-1101.7445753865434,-1341.5406294838024,-1205.497102804079,-1172.6725491186808,-1396.197681769774,-282.94595473901853,-711.0238922423924,-144.9091420361255,-892.4869517853169
3207,-976.5135965691277,-540.9711709927822,-1081.924404226305,-1046.8560695812116,-1638.0475854906986,-1229.6484338678322,-1613.5756483617026,-1239.2737682833474,-316.605522589865,-817.0908359182235,-130.87277256987792,-673.4034659011678
3208,-914.5465550844467,-579.9292065779681,-1096.6207672635987,-1122.8348723998017,-1371.1560600064236,-1225.1618846970093,-1380.9865389713316,-1545.8879071620652,-22.569853867956446,-778.291683758968,-107.25387717086728,-901.0531421987399
3209,-1004.656884465404,-688.288724786185,-1168.913674393501,-1315.1531925828085,-1233.1650620667815,-1480.9595418653084,-1207.263265337701,-1380.2811615592655,-303.6802523174358,-609.6921734462725,-138.2969231209987,-920.2394744765196
3210,-905.2776800085719,-521.944159376235,-1109.150349187411,-1071.7333100281767,-1343.0771174984927,-1349.9620281918112,-1350.4072278886767,-1570.5518066429465,-435.420468835872,-704.4066313273025,-307.59599694089,-937.5399003305873
3211,-963.556138903013,-697.8942603486504,-1153.9084860011678,-1108.160371824107,-1480.8430176310474,-1430.3726579866184,-1782.015680079682,-1405.1400896155128,-220.4758727597198,-793.7519576153578,-281.31654000609325,-942.9732274828767
3212,-926.1577091536913,-638.0770370358732,-1113.2770965678126,-1379.6831925616593,-1242.1751864184641,-1179.754883434989,-1072.5306480423824,-1460.5224240099292,-336.0127486730757,-833.4974612567888,-217.36708090804277,-857.8785572520757
3213,-983.2084442973725,-652.9391482307224,-1157.8613311658107,-1180.6627641806967,-1194.823454510787,-1073.7766453920824,-1129.5149836877008,-1470.189075259895,-393.2839124209562,-668.4998870488052,-170.69766737053078,-816.3619333774803
3214,-1021.0201354178012,-717.7678188304201,-1131.8031298831504,-1192.7093929154632,-1300.5075969629816,-1310.3010706837645,-1133.0037472581098,-1558.2696891709927,-339.6470074900932,-596.7548725187472,-240.22435891021016,-965.6196620057783
3215,-973.4118915952106,-726.9328124983908,-1303.991681897854,-1356.5490446270219,-1500.7800180898319,-1343.862919758676,-1149.7052852644472,-1520.5517896040922,-482.7620821082394,-628.2073935823405,-267.71887773203525,-1119.6607937881392
3216,-893.1873927831134,-623.6154790962844,-1303.1421442363644,-1475.094055570122,-1244.5777129288374,-1233.6668876466197,-983.3681112701354,-1494.9347558241402,-536.2565387143788,-540.9624091766274,-207.9726408900229,-967.4751698526736
3217,-924.8569183971877,-719.5961391931398,-1208.477907913658,-1439.7125233872002,-1197.6350608047758,-1526.7392580062046,-1020.6989624549623,-1557.927806965334,-369.01758801532486,-745.9981141183929,-258.1258039430704,-840.840758290303
3218,-891.3882398949447,-757.3023594315171,-1422.6737398947025,-1370.4990094782354,-1296.7772986330065,-1361.6227092506551,-1291.067283815938,-1564.048062147546,-501.1770926092569,-658.396794885797,-410.5621700412381,-868.6400562982876
3219,-1020.1165981790095,-739.2478838042093,-1200.2523455198566,-1319.2678785982969,-1184.4366992278312,-1335.6041013320364,-1180.2970573188209,-1484.2125152605752,-334.0273113599547,-763.9885088608983,-319.2137684089706,-778.3269965023726
3220,-914.7480382958067,-471.94657515041877,-1052.7134270897566,-1279.354994718856,-1181.533318550134,-1238.9521575966467,-1166.6489606111807,-1325.3782060166768,-322.61344665393193,-728.5397792462477,-333.79639495786836,-860.4411887742453
3221,-903.8848127540416,-641.655762077347,-1086.3999882301937,-1328.143563101126,-1129.7323765959081,-1370.3446173259704,-1146.1498846610627,-1543.5053157673722,-307.6272614062168,-734.8028286606757,-245.77580965156002,-818.7484476539041
3222,-827.9226381516662,-764.3571935045787,-1212.2115624321975,-1269.0722063061107,-1175.4382968484924,-1444.0784734055524,-1113.5905271377942,-1607.0966911581427,-465.8326723958672,-764.9621511844065,-371.79109972348414,-755.4634302287268
3223,-972.4991391179916,-707.1421597686722,-1353.606449221637,-1669.887365249194,-1381.1509817038607,-1386.4385832095843,-1226.9396676369506,-1532.2202997681027,-331.9552768098269,-673.354609407445,-423.355899758485,-974.4119063019687
3224,-747.5382429413434,-890.9551505087117,-1257.2997773665495,-1347.9478586170544,-1159.318678995717,-1435.4212798298367,-1256.7260271680263,-1554.2806731578119,-331.56005048299164,-653.6066568541314,-262.37312843587466,-824.4144294464257
3225,-878.8423598679628,-920.3903821590413,-1261.0093362705725,-1264.170545958811,-1286.9056765649334,-1354.0059909724778,-1145.9922586011567,-1512.0621057632445,-319.80026449576036,-543.8961457514142,-276.51213660728854,-945.0387761107132
3226,-816.4080715073825,-800.8879127405986,-1101.2240205794321,-1098.9847398019256,-1446.0292879561587,-1480.5525655006595,-1238.819398988125,-1499.4142169857587,-253.6716515272961,-725.4441486015744,-336.3634809790376,-1067.9015738930018
3227,-710.6450991073076,-851.6327194478367,-1119.8014831479202,-1109.2572873683184,-1354.3557037694927,-1417.5031212050492,-1021.4007263040272,-1282.2313003645904,-202.68603870628812,-691.7615175476409,-338.0258272738392,-889.3680833679222
3228,-841.8068620452314,-971.4421215796594,-1023.2146192736836,-1052.139885705248,-1210.9181702015278,-1219.8035110377425,-1203.4012858690967,-1407.1268438798504,-354.8603685693441,-666.7812436156797,-285.4846147558656,-1212.0298621914467
3229,-770.8523507646937,-962.716510268588,-980.2073791293252,-1119.0903929003434,-1297.8848379075353,-1155.8244937988784,-1004.9694604763527,-1596.3952629206112,-435.90377840519056,-460.662766909028,-240.02215398812,-1027.9016273644913
3230,-726.6784940838266,-735.2643857346575,-1111.420251600681,-1261.0688549379527,-1121.6661305967764,-1229.7652426878774,-1220.3265313380175,-1409.2802403011938,-466.8062254124587,-811.3210631807957,-453.70013856226035,-920.9007694444873
3231,-707.4193321502934,-780.2248348297487,-1164.1210583889765,-922.456628912332,-1182.8488736913487,-1082.3846380685463,-1262.5551559646347,-1298.7813229290878,-110.80769138214792,-508.87111001453036,-355.3707415697113,-901.8920721511057
1840,-2243.735387736772,-1659.8918588428307,-2491.335063336611,-2002.7465254758206,-2575.101634390823,-2858.7811219653217,-3080.4522780054076,-3388.2865145769983,-1887.6153012865732,-1171.4774682968475,-1269.5439905076382,-1752.2961128958038
1841,-2429.549289683351,-1612.4118361153326,-2529.4726922680634,-1968.1693736303894,-2540.9107264338554,-3113.8890179685304,-2899.9897651732012,-3451.8687734167547,-1675.5917797463512,-1250.2808480217943,-1175.6320779395771,-1806.5759892404367
1842,-2301.5824804333442,-1508.5410524142276,-2452.835580789616,-2065.195437966617,-2309.6006763099504,-3265.6815711742406,-2778.906840380377,-3460.130981480453,-1834.1748222179792,-1176.1698826714214,-1335.1454633586889,-1643.745785211085
1843,-2293.311278818693,-1450.4460539065149,-2382.437310007689,-2178.5050630742708,-2390.7481431343726,-3008.097696592732,-3096.718435452829,-3600.810392347053,-1640.3161776980899,-1232.78196078867,-1313.0678385844906,-1773.1410836489233
1844,-2386.594584011992,-1477.448707705886,-2709.5105547416165,-2083.347287452951,-2498.3049596693163,-3016.420755947533,-2989.9919286403197,-3571.4347702877917,-1693.8787322062262,-1173.7552783459828,-1280.6350771785221,-1783.300013208405
1845,-2330.549386484256,-1484.6194022283692,-2498.292620837789,-2199.355463928932,-2268.082823637515,-3267.790907373792,-2873.069267134787,-3417.245726915845,-1636.6032045268219,-1232.1311371634786,-1454.5109157738625,-1869.763720177752
1846,-2397.135480833228,-1486.258952737934,-2477.629719434787,-2076.400066352296,-2238.8078823622072,-3114.430151899485,-2898.9798380718516,-3476.9396903905103,-1649.400804992598,-1100.2173757278752,-1380.3719352157048,-1721.0386799702549
1847,-2427.1403967011656,-1355.6014328928622,-2543.732143942315,-2123.4070627576807,-2293.660149610867,-3134.4169737630373,-2832.2946726726313,-3645.4698395052196,-1670.5879729639978,-1116.2660022369982,-1426.7386903198287,-1741.2414919029786
1848,-2402.402448602357,-1484.5644123005263,-2427.332431790964,-2053.323128728335,-2404.537686517437,-3017.652636358502,-2746.638918556152,-3640.9577404421284,-1579.0329109861166,-1090.1862800603262,-1409.365920926575,-1744.0234310548801
1849,-2454.226148053622,-1544.0721786539539,-2374.293157880706,-2205.1941513355214,-2356.2273773079874,-2931.6764050808565,-2894.3219954814085,-3560.315217588954,-1729.3692400300852,-1054.2871136116169,-1386.3077211659495,-1801.5984946413746
1850,-2471.11149228452,-1479.9885794234335,-2637.105108117022,-2143.6325649789583,-2409.863252717716,-2961.8023853081672,-2679.1975273605603,-3873.8078678439983,-1657.8300527216766,-1095.6409522385895,-1353.2120441820407,-1803.5646100214526
1851,-2515.0019928013016,-1722.2034329510363,-2212.8017300250626,-2251.789262372821,-2544.4518501999273,-2849.2672995324956,-2895.3700762187377,-3805.1724704859553,-1866.5384303443489,-1190.0907603599471,-1206.3703446353704,-2016.3529188555206
1852,-2551.588509528713,-1895.560576927667,-1772.6577879208692,-2495.5894645818153,-2847.370223981673,-2707.7360828981045,-3137.9494068343397,-3797.0030965664723,-1720.877306236168,-1160.6658766625999,-1229.73462681195,-1890.3607290279936
2823,-2110.318718393145,-1484.5647693972467,-2102.4242361709107,-1714.9451528712502,-2260.470775050906,-2778.528804050211,-2468.4204985324,-3194.1626178112165,-1708.8033354283725,-1164.87662886384,-1078.9832436833653,-1787.8989182106727
2824,-2217.5114569499483,-1484.23782824113,-2155.8216194341767,-1651.6616102478422,-2117.386533576501,-2804.079741642731,-2360.715380343705,-3273.7904351602065,-1695.477342691993,-1197.20418391159,-1076.3127888026995,-1713.5235393695682
2825,-2149.726082141989,-1537.2842996723398,-2142.9272156796715,-1665.745182539955,-2060.5982313395643,-2782.920618683543,-2442.9512298406817,-3311.27551615433,-1459.8226706143528,-1211.173916130017,-1077.1371567913043,-1706.8262373807654
2826,-2248.1848975878365,-1508.5173496646646,-2195.6390764973135,-1666.4817727924665,-2296.3302635652553,-2977.876706120761,-2507.0599298576776,-3300.730360447882,-1567.740213097343,-1174.9956534031962,-911.0005310149204,-1769.8429534981994
2827,-2236.0886707704453,-1596.1950879464835,-2300.128876678505,-1709.1058962668176,-2542.647051760705,-3060.243440017353,-2524.3982795660463,-3426.078159959226,-1551.8496500921094,-1441.58430807839,-1003.7655267603664,-1820.882509248792
2828,-2470.529002448333,-1515.1429243374973,-2313.9041033520643,-1844.4490566809693,-2720.564668064795,-3065.965024578794,-2917.3259706793115,-3426.1490817874046,-1580.8387745879966,-1537.1393338261353,-1030.3175972497343,-1844.9937064685282
2829,-2605.649282433019,-1765.3014517020292,-2531.991706574977,-1978.231597057598,-2992.982992603017,-3382.784731261476,-3208.1745290398853,-3619.122706154956,-1835.0156698460928,-1766.5222723293612,-1224.4214228666888,-1898.4789641411292
2830,-2846.229578069888,-2302.0904378021028,-2857.7442659678145,-2275.221151777973,-3302.655258932748,-3648.4464612915162,-3542.7384127500463,-4346.55048693145,-1934.349745393618,-1830.9565655184167,-1713.3613765395705,-2531.1469800860127
2831,-3484.49773350982,-2628.96773282512,-3529.778876971341,-2980.1538795281945,-3902.189479158393,-4110.8061568072935,-4005.2025668719643,-4806.712281086298,-2275.2450146874066,-2366.3843694245857,-2170.9797393987715,-2646.1788293375325
2832,-3446.389378329315,-2887.865967363024,-3798.136777696276,-3165.16416710817,-4062.735640342944,-4472.297888047193,-4321.324352521015,-4952.748634092636,-2421.5274909416785,-2672.958622004843,-2402.5041923673184,-2971.0837442167212
2833,-3636.078641527088,-3112.524041930253,-3820.6591969272918,-3391.8226408649957,-4285.366814656121,-4500.177261967392,-4421.692933750354,-5259.8381881606265,-2628.726052573662,-2730.598703530361,-2603.851551812937,-3058.1813292711167
2834,-2507.3772795736113,-2112.5343379966985,-2445.4844422758233,-2445.330219913605,-3218.6774101420947,-3254.3724743199978,-3120.982001989812,-3523.8812800343685,-1654.468183409316,-1688.9807139897007,-1436.818727541821,-1723.7466811308752
2835,-2458.0134853053273,-1876.4897382187091,-1780.7792931694607,-2559.9480367972305,-2591.922686046137,-2907.1877341609443,-2933.9762170538847,-3139.528067752009,-1733.9990712989984,-1289.4466004691299,-1164.337048360833,-1642.4006331749313
