,C,C#,D,D#,E,F,F#,G,G#,A,A#,B
1089,47.72548589737493,49.48397262592782,26.71347468968039,35.80409292145023,34.23978288692888,49.121376832518514,53.35483644862718,59.52575716931836,28.33022322984844,49.29280831580464,90.37633169888262,16.12815971448566
1090,57.190969676790246,51.3164514648241,39.3747629976356,24.141111943576927,30.21401840777232,45.84412757878983,43.14885463459608,57.57926686427198,27.824647551226068,32.83854952754276,54.55980607840511,25.78485120390029
1091,66.33159093706743,52.39342450067898,33.34543471288403,24.64156983335428,23.82199834320332,62.27375101880877,45.49282425798597,52.42506992013881,28.044281369661384,34.18412783008069,56.74993111267798,34.33670499854854
1092,86.07703351296941,80.51174919669361,49.19082859357665,41.64235308023924,39.6412842491931,78.8862917240875,34.023312415164845,78.34020997151792,94.6973081283052,38.26595004094374,61.15723323451408,11.714403198351787
1093,71.06157421537765,70.55511869452339,46.83315846571244,25.662035151729096,80.35077123211056,56.57561707832736,49.582331701310814,51.44875042564195,89.42699517592865,26.150977405908943,68.92195377430497,15.918285570051795
1094,59.1450674558905,82.09373730308472,44.83018365306218,21.905543861479025,61.1042803368172,87.82150436437914,45.04928390739956,61.46831389275505,124.88608260728772,30.15165637499629,68.69569753246464,16.9938620221699
1095,66.70767621326682,77.02519072645134,66.53591340244935,23.31420254208172,39.07486170236024,91.95442666475296,52.30059226595337,70.57723212932135,84.27746135054068,34.76926868301124,81.58169075713789,32.675342707820626
1096,43.25652446853756,77.29002079798326,60.53724196996849,29.450919839121926,25.568977830070143,50.12275850315634,71.45285446017833,39.23418363759427,46.86383049827771,29.622657169487454,90.31839191649468,26.9368612833351
1097,34.713986508693424,78.14136312015138,49.84545808354635,37.41378027255888,31.961212196237515,61.618930881202935,92.11847151319805,40.62383400775257,56.80413906995312,23.524652246824257,87.66165081420874,25.333062017988244
1098,34.925221106990136,79.8348160618564,62.10745628099635,27.065797694478373,38.634522826592686,70.87430779948804,88.95085406669033,55.580987159435935,71.41653664431695,29.542257248994623,67.27827391734156,25.880696605153062
1099,40.07491599069143,122.45049260244842,113.77134630669876,21.50703591167576,18.445156699770028,61.81168113029301,59.3574553125324,43.43588216462521,70.44945932380668,25.352767070532245,44.09835958918599,26.421157813621456
1100,47.27189844809655,131.26526486905888,198.2758840266554,15.935635274470458,25.657495325033047,74.70106052282382,48.68495853059584,42.38254200300212,65.85213630423064,46.27996705155122,69.76982253467595,37.23824661836721
1101,59.06694604121204,151.02161547064588,133.5312286066298,20.457048669432847,19.763365038789807,83.25953220084689,57.4372447173832,45.615198510114496,108.97367841750426,33.06347549459107,69.42177519173835,34.555745138953526
1102,65.04160412711761,116.51487548113828,76.13548196205514,17.304989416203288,18.790658582721612,76.85532401017932,54.32732701466031,64.20875914724793,65.75602256063011,33.3390527112309,80.0134525706121,28.84823271274098
1103,61.23846519023325,144.8418371615613,76.07119711557743,18.47018626455771,22.480668023647503,87.8413095822675,41.75347060720836,64.70704572012434,83.02923931914965,29.273046361690152,86.1246693744851,30.858697785279844
1104,80.78007237321087,197.18036245773337,100.07698152074,17.851108471808008,19.348801281957087,73.8834787983427,34.507460640306626,43.1042316686144,92.97044512401312,24.49134280755051,75.02956593218481,35.22832719739759
1105,175.57939853914047,135.25341204389636,80.62981524331407,12.556359166827455,15.825211236226988,60.53427293968014,30.19263161247108,29.367333097143973,78.00750587811123,24.7790584815256,61.48035423838993,47.6444542569777
1106,32.85515548340482,60.75739299012748,46.31749916149786,12.206927606908172,15.948533581954967,63.82309575966663,39.07306394534368,36.40841141249648,54.450819966405696,34.96936788799013,73.03110824610718,30.475631870033045
1107,30.79435528632659,73.16030972194558,76.91893574019012,12.859161172383574,25.127266738467476,60.84677552445152,45.799120512478574,51.274097969298445,44.789133967631045,24.906994922119303,80.55978102299113,35.609604487313646
1108,69.98304410770169,118.3292997231288,97.90615317422836,14.1024491032941,15.297356176897724,69.04506868421807,31.88532900096071,38.714222009090136,89.16323796379037,32.21436294802465,55.15817339585335,31.08850746328046
1109,57.00048303457428,231.9983922248337,134.34628048979977,17.570044541554886,19.5580795028612,101.13992041567889,63.223156419204514,67.32134325507963,138.6662011555267,28.45704079988107,65.66165607198633,32.5447179289881
1110,78.89682779534502,216.0264162367851,122.69993928355518,18.587605567130225,22.32492629344773,102.90021407342049,59.30938833420378,55.740584872555054,139.3217345592802,27.43050502757327,77.79563447486457,27.64520414705712
1111,85.58622830222238,203.72486206015807,96.04349818557392,18.37093815583036,29.75479215839181,69.6902556643548,45.74754090061336,38.36838847222244,174.67047419060668,25.840494829396288,75.46467240611832,34.16041746208876
1112,63.031794887748816,183.65490446193417,144.9644986273002,20.70570021890441,25.964748168235666,101.93254437610952,48.52765705337865,45.47515651929636,177.2752413750212,40.0340003331013,81.36590212040906,38.52119838922764
1113,59.027933697927416,191.378064536056,168.45180369960414,20.224552294163217,23.208371724350467,98.03556589219384,44.41178322556106,54.18423286000008,167.38296123753483,36.17823271595244,87.08312445813473,40.05088607067898
1114,63.409100830816,201.98950323669743,151.21918388776956,19.477110064197625,23.19827759233456,63.70058209643093,52.656593674412456,53.23569792219932,129.12459085918897,34.60376898996927,83.28138160617428,37.96579937975763
1115,165.5631366243075,190.9316516338264,89.65705381904003,18.34641030192701,18.919885355772568,99.28751009806028,45.04858778373836,39.53498443333677,70.90610081979753,23.887951661650668,63.15533032150498,22.61712653075972
1116,132.74526788052577,228.89826139551687,125.92605869665924,15.644620109152134,24.53446979310718,78.3275208786719,34.10715432030908,26.007751107309566,54.129734143491774,25.74301049687808,67.60638250333552,25.39642411912788
1117,74.02264509228284,224.88288715055072,154.27188311355783,14.470269391855348,27.168978433090725,68.53474124596974,47.1667265682616,47.10577103232482,76.57550562262713,26.91194567828584,69.70815279570029,32.92098188520585
1118,83.2728005515955,220.6316896972436,146.1850093221009,20.721782239433505,20.911694712038297,84.44004332180015,46.97201347472773,57.8630101415029,135.59263120949916,30.91440913857568,75.74842326054605,35.77925043459841
1119,126.66707260183622,194.51238583077404,140.75716028641892,18.416609646788054,27.4033555306916,65.58221153119003,33.96326944355512,58.34978796178103,144.3238960380854,31.561866473506274,76.86370534353328,34.85788648216556
1120,75.1630042337562,77.01169946976412,68.76166192172121,13.9014518588221,25.73918350207541,62.09078642749358,37.35300332097879,27.1971522707159,58.05071997106081,31.861252919671013,83.33786835233248,26.704798454510456
1121,47.875293592351085,89.09246582695945,72.42696255352382,15.2304082865415,25.92233814459713,72.11508309687338,45.22934775073539,46.82340248320256,42.03812296169616,44.3822056666317,117.16482053536252,30.00294681428012
1122,40.89659421376811,75.32106990945715,67.37452480374087,14.319905065122944,24.28542884000309,84.39094836922274,48.13392729922788,61.702562023650486,43.59641645116744,44.36604856719944,97.47956797741593,21.08459583009119
1123,40.836733167683086,71.27487185555067,57.41821473032199,13.240275771687475,22.544924966546343,63.24329790039244,34.272545773633674,47.31805347243813,46.10990118063475,35.69704165349023,103.6920560369596,24.08243299351495
1124,69.10242220687789,61.63271363521008,71.79204392399116,11.6751356087575,24.75525920999148,58.535714415983314,40.14410962548477,34.15143912645008,26.05494688422492,26.401876376602424,81.13357048257049,25.55168185580917
1125,156.82176480737917,136.53323462863997,77.03922225353777,13.813780242113785,24.323745763674925,49.10030926479336,34.94913356273821,68.66638458362,47.502397903859375,42.74761802697661,74.69621740978195,16.421868306885784
1126,161.1871115514151,105.44362892131284,78.13029588534549,16.644492881545453,34.63963231957186,47.021102274877805,52.3878872323499,50.34389608367175,53.03020538995641,32.14159006790565,118.02870527567636,19.03821267812188
1127,172.59891453181194,74.51347762921756,80.05831150937459,15.574865048164249,36.97776950618079,67.3304889739375,69.34535898428183,79.64152369444673,49.32515043094708,31.17642637367188,97.12494019154197,16.654019761873464
1128,199.870853755462,80.16925693064469,59.782582039242925,19.780972074310498,57.50027989106743,57.65457081976951,78.56416508803996,82.02011308648858,44.574855297852295,41.14829340242376,113.5970319327924,23.629790703788927
1129,235.5169715726932,75.14520138262158,75.27301717612627,19.213453517907247,70.21851751392764,52.74159381313029,74.0751129286078,55.15800005009954,56.433132051200886,37.27541071686177,109.65090911519997,27.24288801194752
1130,214.91587464989368,53.981520495563394,68.4294947990352,18.86884706561304,62.86351532036996,46.533783934507966,77.63197293434558,50.92402526081985,46.49950444869303,31.23760767720332,126.00199472624476,31.193832560938134
1131,242.645914327966,84.99711339293877,82.52543378321599,16.58365989130668,43.53068922480308,49.80093967736584,67.2472511354538,73.19668770504167,48.266919336478665,41.17943073495808,94.50496171594992,27.788221350524715
1132,189.82454313710767,56.44107368463992,86.68761459879661,14.892725704559506,79.16872817577881,52.58423404020984,71.02232785410877,53.99640416725697,46.23477648776707,37.0683330550591,80.52033501725772,30.685643048042657
1133,152.02243938516213,71.4438419725378,65.2084251468744,16.044008463820784,66.53668648721265,71.0346080190663,77.0184684417959,55.39952551588871,42.22309877267515,33.16666489447396,64.17518537440904,23.202621803915548
1134,156.26700773912788,69.59161507708977,50.7377423928626,14.122404650246402,58.81771871330112,67.6510724482169,81.64405254888926,59.076505462338496,43.949715632160846,52.68948282086527,95.96660108270969,22.915015988413256
1135,183.89074255414303,79.91797995108887,78.80328364183981,14.960351165474052,37.82971851052832,45.09573359093832,60.16487451522633,53.462034537293874,38.468711496022365,37.51455445104429,77.41533405657961,31.93726000968563
1136,170.49902149369123,61.734132593785375,64.22807960804586,14.469915620903889,38.20812080732725,54.38612469019983,62.77041281750022,58.91381937872851,37.27095853547848,36.11698250810949,88.20487800016224,20.89323788882597
1137,158.23818111375155,65.65753391043094,72.50821494233773,13.369932041070111,36.39296835322329,52.16630014019086,64.01149547677177,57.6307625400928,38.82830091214554,34.5861335492352,75.56954121129438,19.341212817267166
1138,137.14487955015983,50.44624830741248,52.125298429305005,14.25001636909033,28.257385650158284,65.16131041864605,58.953965979763765,44.89921409713925,47.916281238524114,45.214545066137966,89.02173074050998,44.091434936827966
1139,70.55897567291174,48.39462560630452,41.3643823146368,16.969162726433268,28.446637398839112,65.06979963357813,41.98038001910693,47.80108661987449,22.83850794373573,57.881183092763806,86.24461573805857,36.124361872153166
1140,50.339748918337456,56.66808004003997,52.047624161403625,14.090678445127557,25.679068651668167,53.87212536142824,44.53347210114653,45.17574785736526,32.314104649436814,48.30068262513298,133.41771812322656,55.23402296395376
1141,58.25405330419306,55.2317338325752,68.8233517891691,15.869616868414257,33.23271581352295,65.7671061852091,56.45829640218266,49.97261887359991,34.274452478447834,48.94164837292368,70.37053837256013,28.218863677167484
1142,53.65571324272636,67.41525078102727,61.620198768703744,15.36316350621414,25.73038212365907,103.19379579668936,69.38604138847718,41.38125726488769,68.38700338535676,36.154868474015295,81.44327673756736,18.946080671542312
1143,52.70841253750193,68.09991081036587,57.10696087944112,22.425191254625368,22.76133749223673,178.49753060708755,68.79163961556824,73.10710883324246,96.0681405679328,31.028538673313324,78.3345898811783,20.184974319298075
1144,44.309210394924285,60.915601971657935,58.901846142395,28.72569487491525,25.17764187093684,176.09691752389327,56.70653373136453,51.52287614243726,101.03141234371569,25.69151247423915,103.12876706324248,18.43233220405155
1145,61.357237539209606,58.505946994027006,60.391238694564,17.410677447362033,30.13094598753576,110.97178976468534,67.45089068030417,46.45668912409037,67.99037549105893,23.068645273342927,87.45570322701198,21.444697463203703
1146,124.7572382482456,35.57477155502661,52.96749764105056,13.370059327019623,46.98368379207575,44.23767025383756,64.16537836077764,97.09123348333056,27.78250914772361,30.743011925981666,65.97660106439369,36.86132514343314
1147,43.460442814413405,42.346785323496285,49.663197786832285,19.06153911908432,27.54891193147472,103.03395564314,58.04511782846602,36.29659005385098,25.66117366009725,59.40962600475532,113.8259576007694,77.72463148074908
1148,29.85749617155568,56.86961383284812,38.849866952222285,14.878273911252576,28.336112105584448,63.34112536541553,44.093945570138494,35.26934124935911,52.6148655542258,55.24078657762109,50.81167278908942,13.319811224309015
1149,29.921209685851828,60.49377356181643,70.46848914395275,12.971423022600264,35.169706267106605,92.27624236379464,107.72987565585912,82.09547235456641,60.57289792439207,29.165803673114645,65.54239290179878,15.556885365364808
1150,38.297916314771285,46.7294012925465,56.154893882875776,15.584810602921614,40.247538739229,133.064761522989,83.4917746227079,46.29660118542732,43.73367513599747,34.25328140285994,73.37207560492764,22.595937979774888
1151,47.64317094974957,47.591927471860366,36.59978178895424,21.54199704821402,67.03493121512176,164.41324810988127,112.08741013089973,59.59490133124429,52.114248599423306,64.14892079854833,77.86996927367552,26.98445912804815
1152,87.59546229066265,46.8452759962331,44.93097181214094,22.623094199761663,61.638666860144,159.62405942398686,65.05791567525328,53.95749739128208,38.92930677189689,80.29332437541278,57.2489399093686,19.314247177946264
1153,78.94092094699104,49.28562857186861,44.09183830487103,20.837931401611087,67.28785883593903,170.8231205134041,83.01119473568579,31.983437242965287,29.056695625096825,28.673223699276612,68.08359989653549,20.30924876922461
1154,49.34964090573818,63.00855383361929,46.42647211000667,29.782753072157625,62.13432024833048,207.27252992385772,97.57051168011152,42.88975130823344,40.12885660346515,66.40826329615575,57.1053626145164,16.895259382953203
1155,70.1773664224741,74.742658589564,45.71076609552868,27.526761299392263,36.3872538002604,190.54225331372007,123.40467218242684,46.33650685244724,31.470681548561345,63.10680400853089,52.43482022322389,14.615060701541084
1156,54.116542024870526,63.427508560642046,51.2349141121146,28.434146434979446,45.75772488274846,196.686325904857,114.60080518730828,43.34066166767904,29.247698594956702,64.82236405910056,55.46346795997757,14.799596612979876
1362,37.96541497541926,32.56367332909763,49.73480411455213,29.994130605696085,32.733694454380085,85.4266343914884,44.89302468832015,51.55776497189264,22.989533200223928,36.286876868769184,64.57163856146623,18.95576861719901
1363,116.74292955743552,47.91696171053434,63.59931731483856,24.181109937971023,33.879115893167885,38.21278071664966,55.71930123051749,77.83540518239462,30.14621673701028,28.98382634876007,64.60419625236173,35.984236893259364
1364,177.82325864437496,73.69563707627854,76.22796848709622,22.07405239105101,47.9995413238931,58.651029483057606,33.1954017438308,83.73882666897853,65.46082882194244,44.77993316224448,69.86863013856129,30.277169784599423
1365,129.95889465690885,127.15227890514988,84.70553176623235,27.04171320050863,30.661877671833285,78.41719135748144,54.29112147704273,78.19003396907233,94.5959181626756,60.938721953420895,78.9621570471017,29.97127883644895
1366,82.21980160475074,94.3672448809596,81.3701598330974,35.81461989557934,37.1035393810274,76.47620393242934,70.98425559850165,74.43204495284947,63.33641557016633,69.2698880079999,131.24892413896336,25.77296062275269
1367,59.003081151367375,93.72728717038916,107.58298991739623,26.414893961380905,39.81898286574835,104.92836396708996,100.71425396470268,83.91418543878265,66.94233425602607,90.00324585172504,163.93328089948113,28.95990290389712
1368,60.49697640840378,83.22035565443379,105.3944339988799,20.98507992461,43.81802506909561,101.99798340792115,76.6246327213642,86.36490488203837,64.82986534609128,75.40917050411862,143.3072422155769,21.00044582127596
1369,66.64502392447463,93.32575174097732,93.78657436450251,18.271216649556692,51.201459416329534,98.06210582026108,92.93269546371756,91.64062470608532,64.5047396629008,83.72619072644162,122.96664000493575,26.332909838538228
1370,85.29652801477145,73.71151066370342,117.367815187709,15.70581146159954,29.824319861815454,93.68413144058904,61.53584618927943,78.2621701124295,39.49790832682581,48.12322058141996,102.07694879368918,26.43138468977523
1371,135.6096622307614,216.1632645686633,133.38576603582493,15.424528154064832,27.11879704803368,102.16005706052404,62.5483655278878,72.83899078961326,74.4184770196358,39.82771543742478,87.27079580362273,32.40829700231978
1372,115.2381370492282,240.28274177434767,158.6200852850276,15.384696078388872,25.51698243037057,68.15513081923129,37.36401697379661,48.64956659932148,73.53595367517639,28.64341579176338,79.22113298195153,38.90426584106777
1373,131.57949195460412,184.77357255348167,122.49345478029105,17.170004254658892,22.61831752190411,66.07732852598132,43.19454588555291,56.40085225258362,73.2044921884274,36.43378608522836,110.18628554960564,33.57162289389718
1374,94.72971697000337,198.58785763127952,108.02000248208216,17.40278003097791,24.15181827344069,79.41983644332053,56.965552792115126,64.04673525227841,72.54303234682442,46.61717276361476,97.38258949684248,31.101967959852548
1375,114.15708582032885,207.7847965762692,109.32892961959416,16.03031350899373,26.963868761994416,75.52890953306283,49.038323051763285,54.31169155954394,73.7468341332559,29.63678485579184,45.75484560399848,23.498959378363384
1376,114.91250055227844,131.65718148446427,88.24101002317192,10.66385997554456,30.50730074233128,54.906889105280925,62.63349632513453,46.50806832387274,65.43516057681128,28.015639854320497,75.39022794153753,38.03296605931556
1377,38.27606089424386,76.45435902934375,79.16818003942748,12.447388259686232,21.92019768091231,57.75664846866558,78.96271358992675,55.210983633036406,64.43066304873007,38.23672870842264,104.68051911973512,59.36189696240128
1378,45.77092986374844,74.09689164268208,111.0048660831348,15.865151986858876,24.889981730424317,71.14321074781127,73.9341611015133,58.902427616642576,49.48100723362988,30.707854572362088,77.30280639297311,29.54810419154061
1379,64.38197810787877,139.04778881934757,143.65402003452024,19.6710619475581,30.78212023180376,107.54474799479864,58.95184727863411,56.60915527861263,72.47298701541827,37.4249032397139,126.20654761158248,26.345300574456104
1380,49.02577819726338,193.21065405490688,198.0517176773808,23.864561422600364,23.975275587080844,100.52132626424506,65.32109103988392,47.068015811090575,97.90971593986718,45.68078227720149,98.96369080146565,24.791174476810397
1381,55.32894907904392,157.1377077317919,146.6787411205345,25.01649791962113,33.33451165903265,139.92239330852675,49.96069428780677,63.88118327147436,146.96740389916175,48.78254938468292,84.89877087717765,28.96221516374156
1382,46.784085436234456,134.08438485957282,121.80172483169092,25.741021440898766,23.518432361079284,180.55220033970247,62.92876694118917,63.27369749661632,152.18023201493807,51.56894479677405,88.54439242690563,32.54933089529581
1383,49.721883334830046,166.5687562889124,140.28889618921835,26.80918461907333,36.4228974508506,151.32549790947206,57.638039743495504,53.00722018252782,151.22917548435464,50.22772075689912,90.05378263656544,20.406848851051222
1384,47.83224656075394,164.99985939365172,119.50602136697415,20.53643079632173,28.110172752492687,81.31529517825392,42.472122605405694,43.70732436116673,163.8302793124717,46.94127077771913,103.06541596100436,29.57668396687048
1385,56.90267789700848,154.2907246121875,125.07859834235528,21.141103393115056,37.74368517106079,90.1249202426492,39.98994500065007,60.17915657218603,152.68571584092356,38.576183416632354,82.39410845363409,29.37712238893481
1386,88.52965586763226,103.7962844829509,131.2250539021713,21.456498635199672,30.67164910702567,87.01029256920172,48.729060279190975,42.6852385143736,141.88521734628307,36.01658787426608,106.7185388609265,30.673561060743012
1387,121.47264996213129,144.9919642623129,101.26337479938444,19.220812523252047,30.221876814502515,80.28333300497648,51.2231068362163,37.14874893911345,68.36769725700006,31.43523038231602,79.87212280042509,25.54063830219698
1388,29.72882939560189,69.66067725799739,106.57476727325742,24.374635978866383,29.425398859228928,89.63879723311446,57.4983934155945,76.44480279198606,160.21306882129355,32.838111923228965,96.47354615232,33.90025825739014
1389,48.725885204290506,88.49792220519652,80.91457300814245,21.17600338118408,27.04957172082141,70.02622698538468,43.28083114605824,81.98952774248036,198.61302807711976,35.864569807422285,79.25175317166784,46.118503827861005
1390,53.70976786466328,129.28605716165785,118.12867486472888,18.584579496286857,29.631414502103585,73.74511957651345,34.27049926427227,49.20637206040315,114.02950713294504,33.902343476216245,74.93047165761786,39.46710987851817
1391,112.74661983120866,159.02298315156878,122.64456213118147,16.82558425128581,29.91296227222699,74.39477635201885,33.48883898552884,46.0047063227412,142.85110538081204,38.94759254631602,87.30968823821581,50.04340804310479
1392,48.80854133437722,98.8792850571316,103.43961535956292,16.902286730704045,37.0460076691551,72.70299993525207,31.768002661577537,40.33843612813072,57.87743896499164,31.783796260702506,102.36323971302232,29.98345784272879
1393,38.610035376847904,80.70499746729165,111.939492132908,16.789208847291235,36.97698662642094,73.89259258281507,37.560223672375706,46.80139148979568,60.29842232213511,38.083603275793045,113.52011750988272,29.84297622078577
1394,29.118643260951625,58.90836556243124,86.03143549452126,14.22718782684688,26.625070794578768,46.563835038029566,45.75514068566199,31.889940683393064,39.81886673558864,25.88138459407733,78.55798479298562,26.729304054660982
1395,37.19884518273207,51.45656929150911,115.5496532558946,13.253583527874424,23.719480769590938,52.42982335871164,27.01304882342199,33.055259713837735,38.45770591921993,32.423410685083894,69.24545898095835,22.752013891643685
1396,164.38255190875088,161.77072593265288,94.36750085792151,16.16203528333298,26.87909935219144,59.424302359764994,30.83993799755268,30.150773962764344,53.73960335517129,43.07281339654069,89.92776485308545,21.168103012821224
1397,241.98058464720032,99.08224647710902,91.59215930941625,13.66517135545018,36.50567285078876,40.23080388091343,37.10879141609936,47.13197127589365,51.32666754660664,33.16041469909008,135.82770918941847,27.40083553150364
1398,295.9866633863144,107.32682478689448,108.7011124068396,11.607530529515875,43.38858677945591,48.15971694411918,39.65974371882062,53.915374661902966,52.33660584158848,29.16199158489883,106.68992237881216,23.25005879157584
1399,280.2845958584432,63.30921436608031,84.2543847718519,14.457459540071408,62.514224785613926,55.9226623296912,65.69062872662936,56.62124910534408,46.692600776727225,39.78257719262415,105.7308236709508,29.18013197584543
1400,253.8785043770905,51.52601485457784,88.97158927431437,15.905882802801896,61.43777078452784,48.29249751751603,49.213281858499286,69.39782701189864,49.158421452036016,48.28068544427544,100.91883041577924,36.58019741433426
1401,295.09771644852015,70.07494819982219,83.43993440259293,17.056797645131294,62.82046279618888,50.13573690655004,55.906075559555546,61.20790788369918,37.15849554747638,40.10212175183233,85.962919618442,42.51782710034192
1402,299.7211756317977,65.73211130935593,73.78538915269468,15.21830355802699,60.28859901077663,59.56866284123457,66.67471185409178,41.4107329984658,40.8328734625132,28.3921148608398,68.83193161344067,38.73601736448081
1403,323.15618925424457,77.62316963217233,79.39304021041158,16.169393233241507,66.45667387853207,55.221686500973085,53.88271989019936,48.98296328125356,43.47535609757729,37.739242025266655,74.72235399063727,40.67803449783587
1404,265.48988249962446,75.07250504671326,66.43111967209217,15.878089864039822,49.99097625024447,39.99494072110132,46.49542652605295,63.57861480356436,38.55427041945446,49.16740093183523,63.551902648198656,35.284083447010325
1405,289.8258101224721,61.19094706947106,92.62024789649176,14.267904779664605,65.84044338652997,54.90021092156989,56.96323238526896,63.30529360968504,31.599443885292768,41.89931086289917,59.824737308029725,35.810996520702034
1406,255.96821179444257,80.99022378704689,96.76927825128097,15.719355742737896,60.156156286510594,48.02189288804682,46.39933270140588,55.70436693414533,32.3843979847345,40.56434069096459,76.42562741024973,54.5624611144648
1407,203.60821181908616,56.503848186349686,79.05080588855836,13.616733346466752,34.70125223974617,67.69429974637485,53.3105148059208,80.85184803464402,44.01111876634328,61.14537524335061,50.20360901522137,43.239888857522125
1408,201.08194409684745,59.62401306531459,103.52763608627528,15.637435670477924,42.93203333868725,41.30621226745777,41.21065131372688,67.93413832244187,46.51037822987406,46.32147394425351,73.22908180143328,34.535689240504176
1409,102.68248122605448,60.721431782519,102.3203625222874,18.132871236033388,40.48729514145522,44.11771625383828,43.00180160257212,74.34690963972336,38.710390783794864,35.07773309749289,79.01777378663331,41.109039706162605
1410,81.513487101582,65.75298560611144,85.59608417108133,17.60850855868486,34.11721518471673,58.6734848556922,33.900146610528594,32.62494529449383,37.84651597781024,56.22189853679395,110.97950309944888,81.28290990186098
1411,102.8174116014346,78.3174123997315,80.60266684451827,15.830967640598509,39.154542351440696,53.5782667692284,34.594035089394126,33.996453583177114,34.96720705261295,44.18904302716726,89.5635427375808,87.9321371734242
1412,149.86588185472152,63.052857162720606,58.62574767493319,12.346505214362292,46.862305836276064,41.514850796218056,37.307455747689225,39.886482088029695,40.36472695467163,48.89563855281756,85.82073788938514,38.44818874666835
1413,136.9437783187957,105.6652936331352,82.72404120353123,16.61893118997607,38.55852314024839,68.14701831450499,36.469971660626754,34.94747599401085,68.30294851452855,39.15020314722055,66.1619521208213,31.269152780401487
1414,104.27148203613592,131.53919278755703,81.78072183287404,21.055858783270963,34.453374862303264,91.38598794088834,47.67386984179248,39.068315367811216,61.70506415425268,47.83053436615826,72.0604189578738,43.09013026691551
1415,110.32334636804868,105.8524202181556,95.26398921227508,14.021253551815988,36.803410926472914,111.69974879957556,56.9911567665914,37.8941556828418,53.60484418976401,41.10324546059613,102.16843832942568,34.421276324160864
1416,129.15913570797625,89.26965679704486,63.240491294071006,12.739614125955312,63.45325694758873,57.94349832074042,46.92606807771469,63.84986493402357,63.69708995271601,63.6515870513994,107.2880164842963,33.648873268884394
1417,65.85451994279083,27.68320235061937,47.348646734176654,16.958091669302092,65.94900608895652,38.18376043083367,68.17712743034245,54.86341159373828,28.09767529396981,60.04339436478615,125.0242048896496,47.47863439872298
1418,42.7168837689932,46.91726524040916,54.18254059758452,17.66533901107563,28.633654063004247,45.51435788417247,62.450829916548194,25.57765821216544,38.4719754074696,86.6754404793705,163.19060775707237,68.52533252582167
1419,31.59101909343053,40.10567694629988,67.63957106481485,18.21445084339127,35.21264621388172,40.05681317199135,39.52635943851672,36.77096299849874,82.63195471700541,127.05215883893698,88.19267681490953,27.678175455248457
1420,28.365002405784207,47.55089793387499,81.9720636713522,19.844806995722674,44.052973235956905,73.07753549083502,55.41392581995432,55.2882244337853,49.30993870567559,54.43939879735631,81.02806520369661,32.0785869865722
1421,37.38310063819784,41.36199311457735,69.20674420037467,12.839280008102218,48.99675237376914,98.13222560793092,90.523989919641,74.44288868532942,42.51326910998777,64.62569976378181,82.07545237883043,22.410888545832805
1422,62.69352149041393,57.3412498513388,105.46064285520384,15.389202848001563,26.02472178488875,108.62598784206637,82.79478783084858,68.70473573002259,60.239878252431446,75.5536837420119,78.5715392769075,34.06245228833313
1423,87.65334562182046,56.899399801370464,73.36942858529923,12.91532741246234,34.186233088919806,144.10623182788643,109.32696582539992,56.34598971578539,44.72774443037997,106.5952777165006,92.59319905831173,28.862066386427223
1424,124.37994978048276,44.07059979420315,43.15178927396288,15.884175758622067,34.188580541328605,161.31770661335943,93.78606689861614,57.67079457176719,45.867657151922174,72.42334977519803,75.7071002219457,24.60949602969829
1425,135.7927937434366,51.88884580591491,55.50456636240969,18.80209620770117,33.17736366215396,164.5884938043744,109.25268595624352,39.8928422394778,50.0531751905385,58.04214970261141,70.04802864815748,20.150209419830155
1426,147.69839713621676,65.02970654699145,42.867046313726725,30.90200840111278,28.28665108117648,118.3199329394317,108.13624569315948,37.72709643456959,45.75120917331024,76.39005130506604,96.58028359826189,29.58417896279411
1427,130.321832816399,51.337982181596935,54.51619517437257,14.884840717194702,33.17397366916042,171.9222117951608,75.4769978801047,39.904917173444616,35.00935392387857,52.74277594721711,98.544499196928,24.23579717151979
1428,110.07872939578417,42.283603682575766,64.99043227936774,12.47828757045696,44.656300970803066,197.44390055561308,74.52759192887818,33.38202445603024,33.98759430167964,38.64439298313056,64.82288720767976,20.343819091814343
1429,137.63641001627067,42.20148955206031,41.82697227809396,19.16188717681915,48.98899321677785,165.40548059982672,74.85221788480442,42.67567087981924,28.18450786674005,72.91128986964003,43.779796165078686,19.371009974336523
2397,48.75199934442614,50.76568069167793,44.19269217697761,19.956528244448236,32.310227328882405,50.894364047457685,56.7544750755486,69.60416144412426,30.89730455517461,36.45370605381348,73.8013416105163,21.22103752959704
2398,38.75491280910247,66.75347083691621,63.926523838390914,32.3011170661297,31.162985064694784,61.81756159854472,52.97738264813277,67.48481928351893,32.08657810894764,43.51534114476016,106.6239375502522,32.678541937896775
2399,49.247638753989285,80.95568623263614,61.157069705061055,53.9677933369868,34.118887404253634,60.60689931557221,49.18189061004692,62.816771568921865,27.971635551488674,26.20312795706093,87.68508617408617,31.740386603055928
2400,99.39670297980535,81.30605601927628,78.20367755810656,19.268050932526368,47.09373822500651,52.95833726856934,37.48742900607924,78.52839188175972,43.92071991602856,32.68562501061529,77.43681763617386,34.65537951022848
2401,98.66557320274664,166.9318086485234,90.15366770514892,33.41515162112931,44.99763470994901,83.59509437083699,47.462811964364256,65.27790085307613,66.15856283545448,47.90723001081003,59.47373799565007,30.139169795028074
2402,75.83263677645047,116.4152408607588,82.3858392450888,38.77396002547283,32.64603619187508,65.98947221019738,57.57810195246631,57.55210680949539,63.19907813737575,37.08822458217693,97.52318201272206,32.61673404331698
2403,45.501516982135314,111.7703426508808,91.21030078539005,25.36041233468203,37.405131783335065,60.003903709681126,78.11078662067804,57.33077444381556,39.7757289604534,31.13541032318525,105.37680576304668,33.871341843292385
2404,41.44242577410359,100.34543169271464,98.37278360604792,31.30600079053883,29.993671035942445,74.69814593911795,54.92225915459919,51.41778659678798,33.43702754162095,31.919448916282036,91.92128908731137,32.536542231582416
2405,46.06912579995624,79.40494496162282,98.5512434574168,20.84257768160168,31.38540533831071,74.42834148180893,56.34079927075075,56.74537945015271,35.79073606425992,30.642244211461048,100.90906388496543,27.165147373303533
2406,105.24720894994162,149.24904038597833,105.71103174203614,14.839401075795204,26.75183149365327,77.26496000234822,68.1283532245825,56.44950760590917,49.97033429056213,40.48246304672489,62.8307032713149,25.870249726665385
2407,90.77042424039858,234.5517224918524,132.9785159751683,19.070475286051888,36.54923510219903,82.10257251597517,47.7497400904892,43.79131250393976,39.71975570081101,24.08955988195433,88.7602390746388,47.188318634919646
2408,178.9689718297687,253.28969251228568,98.56347304293357,16.604909296829458,28.113503066911388,81.28749494311582,43.406669013215016,42.41031917032134,60.277859261368334,19.287955828374965,86.53800429430117,30.677442217509316
2409,136.8881426807062,260.7261296838769,115.78997053504152,16.69387151424481,20.302301491109706,63.23060911716834,34.77952141335744,44.56517949996684,47.16797365768864,20.88695779163567,64.9873566768727,35.91741128439112
2410,116.11108284002393,246.01612483708573,142.5200742369748,20.462989365239665,21.772875292803302,62.30786020669383,34.70817834490785,43.29397232774012,38.72763131695432,23.38562174575445,59.3790917928292,39.61534137794048
2411,196.08162164844964,191.4891654771969,125.94547868664314,14.727044548392575,24.1243115775754,80.6861766686138,51.534851882481696,51.00364938133072,40.03991861403247,27.854753707926527,74.98791930768586,41.97779312919877
2412,107.86665580507425,74.82702600742604,81.7297506186036,10.005487814008935,19.693319012688963,76.4184014089819,48.32525659714887,51.8895197161819,38.51950006827058,47.66953232296186,74.95114200900188,44.407180645811
2413,38.13509105471033,73.00148801842057,62.72498727348308,13.349723768268204,19.41802966462089,70.24852947265416,56.32600030191956,58.16586853274028,32.81623877810878,34.62568174038988,74.95020198805929,39.37959365367799
2414,56.45918783066576,94.44597076044924,76.2390753981323,13.10828224786898,17.905957421925457,64.48234764988275,54.44856489742115,78.43087924118167,43.05792843963312,33.78763575864966,50.05531251822056,32.51440033071152
2415,57.541158704857374,119.02715621366802,113.78306479402887,11.48610814466958,20.955187950616047,131.88318751040464,65.66091018987942,66.33090688993813,66.24649536182555,18.814112387508462,64.05206753312567,30.24364146248885
2416,60.34543849469204,93.49642247678472,109.60994952643875,21.17343989016445,25.911795662068688,101.52381627230596,80.98373804552332,47.251659798737286,64.29733713296835,20.52021058883044,79.84542541319321,35.931999187429035
2417,59.54438346397367,121.70762247298944,110.76066650154554,19.478524270906128,25.42168640563701,163.81332176752767,75.91180890138462,56.74127293856845,88.05834390524285,37.93903375959105,89.48465869876473,34.427084681235165
2418,79.47181800713544,156.2891007742644,70.85972602588474,17.46795510448199,20.48338843624173,168.85070099712223,67.09227249445533,51.167047473620094,119.1767447107456,31.39597538081665,93.82101633767196,39.54915177555897
2419,69.18233271640202,155.8969761418562,111.78554546476794,20.540728593441703,23.71273955157078,140.2176322225274,52.25617359308172,46.87697151509621,139.92804062581487,34.189120528637446,95.19880788180863,33.53988128096322
2420,66.2678017061726,111.67963227741168,111.5882598960525,18.3738974586968,29.69169632306677,99.22731569082472,47.46885088512639,31.03444596771032,110.21190813907543,31.3101157461022,70.63475017622834,32.247889044499104
2421,108.56265920260049,191.17231474983492,115.27952628271863,21.79903095594079,25.15060649434866,168.11684955507457,33.22217366513343,33.70766104243832,101.3870802490351,29.30025175234349,67.07872679035123,37.12838014828998
2422,149.24103782111365,158.19931788174702,113.60918673278294,23.7949776126379,27.888568950181902,83.98649317822473,35.16359578315891,34.53329903063988,91.70325831799629,22.1149734331966,71.60940054656874,39.01088404626044
2423,129.15383371344836,190.14144685706748,115.25405463173988,14.97308554807544,29.732493210133487,75.18734757406855,48.59936581678484,44.17367776212362,80.50898904107999,21.609582995673097,50.86816455170884,34.687040532009725
2424,80.85107791650017,210.2093352957419,146.32390418884663,19.475741908445663,21.477909568471063,81.90556868961741,34.40818710554455,38.99070476524184,126.27472377144277,38.852631891211935,78.3394018441842,50.08769119193301
2425,100.68768592783098,228.41362502733207,141.49906850407575,19.140508743245448,20.27283739694077,80.96745716418782,42.9157177763495,46.83670221307534,148.26317501276017,29.219077998613063,86.61122856634675,45.271758539913336
2426,101.41412190380969,161.2043151785793,135.0859351961161,18.01848760531829,21.51984566750989,78.61521620789048,44.877647168881296,38.85434859576284,153.82500055952892,18.80413648309933,91.62768539484917,61.55281875147328
2427,47.78465969830703,119.81958472256784,85.7188849647401,16.07103309527307,18.51460528188461,55.20739168310297,56.77633252646591,35.86236569942618,98.0235479414208,26.58028445354177,75.09435945095545,59.06814944346096
2428,39.444176144462176,106.76758316289757,67.64890966514736,16.444319768695216,20.92993479483609,50.90786929564561,51.73488490537257,34.49667601461718,65.77226071939022,27.494608660974716,65.51173706478416,31.691872304423963
2429,36.1530904008457,93.33288379689856,81.68163946395589,12.8913473521111,16.102412010624644,42.11533655105844,45.64054599370633,26.20167274991048,78.85118219478744,25.873562594062093,78.05286548782064,17.615170602920763
2430,37.48065672676106,69.5796051026704,52.00569345137772,10.303189602848851,18.52957089015065,38.26832943388476,49.40080804220126,34.8862658834185,66.6318598840514,24.09686044822489,72.08090679757032,28.779743136520803
2431,98.02921034142324,138.70263819817373,82.69053074278744,13.91594948783273,16.943660300949418,48.07424071080982,32.657210076430445,33.618437823520246,41.573527307496725,20.78509556516738,71.85851860244885,26.653136989039627
2432,135.58255758009108,94.06233880289612,112.45235525831065,24.95997041082157,26.001313721244088,60.903284584046894,42.66576774149927,43.57533749568504,54.30194837263198,18.5372256992297,88.23550182155958,29.902056752962945
2433,224.4741620870304,119.81360111817474,100.29158586058884,15.859912247728197,32.94508833059648,53.204003294005005,46.786519915328384,58.31144459732934,45.58189391660704,20.556508799363417,115.85145048408368,31.410310338299503
2434,212.24497986165213,91.92804878202496,119.95743158892016,15.364460112751418,36.25550506080423,34.7122297818949,45.02057964310453,65.5564035029535,51.07634015634633,27.02024370601677,124.46156987457638,34.706967155007206
2435,271.521983445527,94.2257935383982,83.63543417518878,13.171217383198211,31.618979150298948,40.05700609549598,48.39824914327522,56.86476021065679,44.46986662493905,19.486277632784727,85.12245904880855,41.86475537329228
2436,312.55818982713333,67.92304422900592,72.2318396915651,12.934985284079964,42.330389450097066,46.6166303176524,60.79526643635192,67.71164638124397,41.90937030779449,25.18246787068594,73.74056388088604,56.74279085046184
2437,300.75437222298024,110.47053725617124,92.52663456389952,14.983136856868418,49.55051503351695,37.58082401486645,61.466551892572994,77.83034491432265,59.566302112714006,29.095601336481504,73.7534024862268,53.19435890882308
2438,304.64279349013344,115.08097580282649,82.80189635507911,13.995322949637975,46.34290823866132,29.371178419958447,59.044795933445855,51.987179256454354,51.53216549706521,29.164475514404035,97.04760052197892,50.01521117514415
2439,292.3777260861688,94.88456155149063,69.20360989537092,16.153028904508314,50.30265623336975,38.097284230397946,76.6583344768758,47.33943535817808,33.939899398107464,28.37488577751103,80.95497878995091,43.69269753589944
2440,313.5504754953313,81.78102793310205,79.58914486643002,14.508451420103892,37.3168468320207,44.77421062578573,70.02780685304523,60.27996315207628,37.3922936219979,26.767116563145272,98.7943067534934,42.25427917781302
2441,320.9571490199637,64.75914966631755,73.41214690968015,15.660479866265955,38.628476334181926,44.82991762127836,44.05056319747096,54.79840257940746,41.413200121879775,27.03405517884204,96.18949813679276,62.25660647871023
2442,361.3433712297408,93.57650162204916,59.05008322323172,13.759967600687045,28.103062590235528,35.827092737835244,34.03614632076551,49.73460014671832,40.51220350603052,21.918407646386207,80.38522935417913,53.01890958727022
2443,356.1519818880189,76.83471953312491,60.930520110989725,14.76114926479445,28.76703952845542,27.8767514564032,33.90780084998043,53.73050426532927,33.15223586975316,28.391195464936096,93.76954360726788,53.64351592379023
2444,355.28606540521133,57.944662935680434,75.46176870510689,15.6826283882067,25.90526275476137,34.94020664018043,32.343770208010525,58.19094762379944,33.17305681302299,28.84012856008946,90.2704623098348,67.20981513493247
2445,264.66486864236583,86.40874843754109,69.92474764042723,15.225345372379488,26.907349890878244,47.58535945696205,45.39343500164422,43.81039371003793,34.91410076268866,31.318411243102872,85.35289567992771,83.67374994754002
2446,148.09396938030187,84.28919377848732,92.04322320747995,18.026562136172064,23.49141344793412,41.97608487157175,43.6069008847269,49.61897951982359,41.14320046530136,31.7005346538024,89.20924981301489,63.034938448839206
2447,107.714206773083,70.58876918906665,108.41325022457524,18.007775973285828,34.9449314469143,36.62621600744056,50.58557119769386,42.76804003955852,39.29452054062316,20.891674155615807,87.73179189570422,33.61632985066929
2448,154.4882090681652,91.39741112629724,71.86999702178272,22.30677039678466,21.03244189202333,63.40175646560352,49.809361701491056,76.78797315444433,61.32700086289148,25.08736769146315,65.93531862546797,34.335042333206935
2449,101.7743989341498,161.81790525416957,67.91327084624392,24.027200785645004,21.85453389859467,75.62018191941537,69.77231405962196,61.98500412114289,122.8421978070562,27.839692744056133,88.97515678152355,30.76519624174613
2450,126.83173358048168,171.1127093809097,70.42487838813571,15.605873059636998,23.395160315364915,70.06552733694079,75.8358285904463,63.77357858866616,120.72738072335846,30.254477355896803,119.77365554496065,36.713757546230696
2451,127.18305427446764,157.52802063034375,89.31997658881582,20.44491778952252,32.039352714276646,56.73254007037862,62.93190138634855,51.80829535496314,75.72852032552447,21.33248784972501,93.93645784583586,27.76817816358088
2452,115.97928672650968,93.71478027336887,56.40069794993564,13.412737794319929,56.233627976227446,38.2180476444608,40.30132962054751,90.58527044521828,62.62708723307965,30.380779803580165,80.69130416302959,33.74220798868872
2453,82.89943231327231,64.68078763311095,54.56541805983628,13.305719392149843,21.58147864919719,68.0814947885975,76.03336986234132,60.15236622932335,34.484988404011894,37.07704092119361,136.57533936850302,75.43556020983257
2454,36.09380409157863,59.01331519447808,51.94369630198785,18.784746675206414,22.50514053600544,64.75663980485179,49.04873782668859,45.22743358152738,44.08861433664677,74.31950084950297,102.1617829142332,34.954699268574245
2455,38.7514560762757,73.37445549527136,67.91759915593221,15.964157854609033,21.54176023640169,48.56679154625128,80.88185994811849,85.76874980323507,80.91403866585894,37.82272898325253,77.13715977612492,20.0635948917351
2456,46.62858232923754,74.62816108707504,79.00208660328586,11.758071431170748,24.986720720324616,55.817938976545605,76.44060730907172,88.7761286829203,44.17874313505912,33.18286812777358,80.24111397662348,28.49883994272989
2457,52.44922413364584,85.59430449876604,47.86280492977392,12.817327445989498,22.88151407095137,112.97022062733262,73.26373727573397,95.22016369146908,29.976074293725382,85.1923759538935,80.72268468072437,24.898685040539704
2458,90.63199555800448,85.23080942678276,76.65474904655622,17.605701371399928,34.244421096066574,105.27290937098329,37.67908826945753,76.21240514385005,47.02164565984173,88.09581746226878,83.47806422687344,26.70525989450636
2459,116.91121584599028,87.07126836743502,94.55459157347867,21.6243435040034,30.500144864465334,102.8753824982852,41.72345058032226,43.71204423024625,84.81040092246067,82.62255091484725,75.8102280833465,27.89431540633065
2460,122.33255705883995,75.46246999851977,75.29660110245065,20.304823393982588,28.12260829838941,120.4527139533742,39.17219284187558,62.709788441796114,81.42491734864208,92.68075343270448,97.12226986594392,27.53344828579545
2461,159.859344406273,54.99700101667762,58.90673412963447,30.98369604475376,29.19042366161513,109.97193422119184,51.490395842768834,45.53355997084186,84.39116171350315,78.30144097744589,101.45562476905316,27.96690917531289
2462,152.62225008703115,88.45351210157568,70.64728232157206,25.905764464584024,25.71801289342365,125.30105621021325,59.45593543864653,42.728933880072006,61.51260416617516,68.49349781703702,102.80369483938055,23.102926999248727
2463,108.15178686209148,91.23727482270638,40.8989974023468,23.40531441904553,27.819184490474743,90.58718887455056,44.70953201987011,44.914318174885096,60.19692480044482,80.4144601957752,101.43554221182572,19.15971041505148
2666,28.118746936016908,34.38967587581865,53.10553437720406,16.440899960044774,32.72078347231232,85.74903345892373,64.9165011424233,70.26928497947847,43.58182215607943,44.64967890955582,56.890120687785,16.522682419095396
2667,42.52977276716697,43.82162172078647,69.61192662609551,12.917242610187987,20.937247136733305,73.9042438623783,49.64288525917368,56.12187876997132,31.32538987780818,25.705796272174645,70.87835900393041,28.34399236879098
2668,90.70883765322294,52.31249008965204,74.43564298189484,16.264705548994353,38.095939064439584,87.64721185481393,60.16347947233504,74.57635538389091,35.126207885330835,33.96258615883703,49.53754569201699,21.483874478589605
2669,142.46864739129268,89.19407793839497,95.06137469357137,14.589389829745292,37.886839532616456,76.52302379577368,48.650892563862335,78.9901856335931,55.38867277055542,37.65216666238659,56.49749056971864,19.089789398123767
2670,87.74926641763787,83.05545491598122,76.58910451425808,12.951653452566797,28.05605620607374,70.43117886821116,50.572286816831244,59.793115153383376,49.10867397921833,31.412024730848408,69.69524786857326,17.232933823221323
2671,41.94001166121895,72.64084523725185,81.00840724530579,14.103551445462545,28.554428443561545,73.80126969293087,66.81628253968435,59.67047176708865,54.00469133641596,31.826218865111045,88.69676100251861,19.8999065194382
2672,39.71708070356745,67.20606439501164,72.67023218037079,12.799532684900033,26.401190161476944,80.57752247006964,76.403415347637,66.64030761663938,55.74510651906216,38.436601272911325,87.88152501965142,16.23986921300228
2673,43.72323184427741,80.20521894916477,85.94220720016905,11.44613363772699,24.631814568660555,89.82653674714132,59.55552689792842,77.41101900345413,49.20772408979175,33.18913391875451,80.74953744985832,15.988037562783754
2674,52.77969836848696,102.54559042964898,115.9854471811806,12.206777644014457,21.775109223868927,77.29012160371971,38.03252890328166,85.58042790615147,45.81881265910864,34.85422261928396,70.22333901599592,22.156057941603503
2675,49.742908687768725,183.57272629815168,177.14718077094997,13.634553757002408,33.66305398342149,91.13385948558596,44.80655718844479,62.84059768590427,37.93220132969663,33.565023567990266,77.60039680201245,32.56432942159607
2676,75.22386754254399,204.25671067162696,139.10095612425553,18.25411125489707,33.435707152201786,97.4083451466853,43.7741259976558,63.746015721555295,36.20523266533458,30.538722446212716,97.18478238767725,61.58247792274308
2677,96.19431556025484,181.2634137504204,146.7398004666458,14.304058537700568,21.25491120016305,89.58369130662336,36.082448449420085,67.96305819382202,85.76717120528778,31.074089590011663,82.1637445626791,31.600456778725032
2678,101.4104339298122,158.05943992547773,116.64628829853513,16.5131193732136,20.413237685236943,89.99501290956782,35.9191056642958,55.30660712383566,55.34122672253216,32.99056708417577,89.64723492026941,30.872911975881376
2679,77.5552845738136,86.24736891173566,68.88341618853815,18.13853851243863,22.043057822696856,97.18867602410432,39.04334174630846,55.11947953214771,55.66419336370302,27.854869349725263,60.2282777699827,30.81811043233592
2680,177.0257906806625,98.13702721864612,69.99401059878893,13.356819639753969,21.45090729560519,83.31081618343816,35.124978092360095,55.81143350511493,53.46736486652836,31.522115510777915,53.74879922461333,62.25162078720744
2681,57.2240399213362,47.93013481434204,76.03381559566301,10.844130033404484,18.27051144291024,80.16171601175955,48.01762381132845,59.3852786264108,59.87150102420336,42.53250833542578,103.65297010582466,81.18104857593248
2682,39.03229991266359,65.58250099809506,80.30850798770236,12.930789975924672,20.7303523829162,82.47548473028814,49.74942193978113,68.4244908198312,36.89030363430334,32.33110224127902,66.3027821411774,38.794250064522046
2683,55.401604074946846,86.31559633609014,124.41728210404858,16.748664305238556,19.43191222654193,143.37915721778168,35.22958603085541,93.09105151663572,56.12124063307316,46.24218209717863,74.15039941023183,22.792628149074744
2684,37.25321825663057,101.45146503756224,108.67690884128812,21.414341344293007,25.087118932503447,145.88413114917424,59.61040994087945,54.15755334037976,60.41276333404013,37.44738088213181,110.44594358116154,41.34417837935408
2685,72.97795223814333,147.69605405002153,136.87399016546868,20.747673713309368,23.47041408068039,142.09197057290675,54.092293431237294,40.89116743134088,139.0371841656714,44.39739432047266,109.57822853002558,37.72730235125905
2686,86.69093055210315,209.17179749334693,120.67957300519868,18.821659907657484,21.70074350488876,146.4629090694791,49.876344409231,43.57369718794108,106.33447825557565,28.06750766127011,102.30501074603217,50.00438855392044
2687,91.07933968097052,226.4121258319265,109.948293201512,16.31546054237272,25.380803084174907,82.58097341337229,36.32164494639229,46.969831059380006,139.90605155398998,35.50046018932323,75.84869041794147,34.40008028699832
2688,59.86853840784876,179.11655512248657,132.47984380821316,14.515137808077816,24.390908230441983,138.7339079689428,36.08176977316448,51.92840314365421,132.0475595921689,36.085684374292185,83.2343926028895,39.33740819066614
2689,59.12385051471813,176.82649345138137,127.63461470709169,14.28672852836852,22.6427045646789,148.03797550146223,50.13932833654697,41.71005227512475,138.52588689672044,27.490569113127016,92.5092740029998,35.25771173070703
2690,137.06393484346813,222.1075310738332,105.27597726727632,14.55090293179548,16.506235800134032,127.85174968349092,45.71145491025613,37.16101158739171,88.26002863978954,24.236653712162887,56.16255722526024,37.640602308184114
2691,133.75466254247044,176.53712976898674,133.7957624036336,14.7905554279757,25.692362834787296,97.69617019062645,33.858129816794985,38.28285472874656,69.81802736535595,33.45042818756524,50.93988566476288,31.58343017464704
2692,69.20935729051074,203.25981875670968,152.90174176144544,17.365909695409314,21.90503228829971,73.97792531264547,33.305187455009175,52.603716026785214,76.856220544011,42.92539217095889,72.32841619654968,44.1104435776836
2693,113.78231941787551,195.8712797856036,144.82198432859667,17.812538196048695,19.3534659960754,67.144825583731,38.22568716292526,32.9021521586179,170.10847383819964,24.526307807033948,76.41882438781298,47.02853487409188
2694,168.76845521917107,167.3821379851948,86.31703512682915,15.806367946640174,24.569295584293688,69.71377049856464,46.78116006487483,30.684798011900288,107.7435715376513,18.61255149131683,93.28260728157572,41.2993519241382
2695,59.86437352006632,79.83868759107217,68.02972102460825,19.34953182423603,26.845700099902327,63.80879898126366,40.30034072589442,28.143044843441643,43.922718530393325,34.539046523958305,124.4684730602778,45.917360602934814
2696,39.94806622594065,84.99905240204761,63.40545155016265,14.347696187161691,26.683599155315903,83.87786036273513,34.970911987559546,50.23930719404242,71.20764002334033,40.54748033940517,94.15334098857508,46.40887565951263
2697,38.178761976881695,83.21559354215142,94.5671355811916,15.891310837729131,25.077660994333648,60.4058813775678,35.77745953926522,50.439742537809714,77.83497969129598,39.15698955127348,104.43425138826876,28.372492436506025
2698,44.94899437240064,93.69045095902784,86.1674458762716,10.703273787977253,17.730848426778795,52.855039450737415,38.060100564109646,43.18336899066451,67.73633670550652,29.252029933448924,49.25950092407477,22.758488591744484
2699,51.296621310930405,91.73726872818384,80.04012267526616,14.835136460441804,22.499591671760648,48.55826828642273,33.07272347194654,30.323143391034804,52.60158987770996,27.48148899528747,91.91554325275108,22.873826454554568
2700,122.50561080371696,120.37467161493328,65.68501668879576,21.84430625260668,34.969441178249724,33.79880522339187,48.41830005741858,44.67491415691115,61.03426347991499,26.23783862884345,89.59756399194633,30.349082782251568
2701,194.84838879265556,112.05317697907924,129.17306624702482,25.188013400309668,41.56550632905035,45.44971598478834,62.77363238007099,58.97774736406857,72.95934317952663,33.389164482572085,104.32355074970708,31.55017775584773
2702,221.5319279201148,86.68032935090615,63.33915140536905,21.135136995065366,38.24855925199229,39.49998877414522,62.23856883604658,69.8208993136942,80.66907592792654,34.98764905967967,124.7607605230175,40.15743621961224
2703,266.5559584281079,74.06526734512256,79.37071163496253,24.044162592111604,36.560058645163856,38.87997638753544,69.04392270481341,61.17510783375186,67.15416313954566,39.73640528122122,104.58121161260344,46.057127883493976
2704,133.59475755220413,59.40887352828016,80.61494285772443,16.030730450247486,48.163098412696456,40.185381916132805,86.64418579012718,75.29643525979074,59.66845766308924,35.89205530860719,118.70022633820297,55.24973982240229
2705,114.39311700983224,63.554869682658975,96.93460652905344,20.687197979214005,55.32799741203446,55.84168714168425,74.35512511716657,59.970479176874406,67.31524541120753,33.79412458384121,93.86563105556527,63.59331084273614
2706,142.38282608622,68.90083863463636,84.66619527108482,18.52298290808354,59.99914357887776,56.7907714962512,90.48851647840456,54.04429742805687,51.40018166102199,36.47063522683708,97.9562470945264,70.08879685359204
2707,127.83837517121808,76.12401714254614,76.00454442307827,16.454128101532117,66.8148477935814,51.98585010668937,97.20392853636804,52.48941827883839,39.62695947223152,37.15333984743288,89.41567712401877,50.334985704325376
2708,104.40121617803976,75.1540515485649,89.08000942096376,20.413374923878152,54.96400926225935,47.050067137339376,116.437561943557,63.00638965789187,36.65873041627529,46.83925248775077,111.28204138981312,53.92591751323726
2709,134.8006663915043,81.34766593091769,79.08724148932222,23.87439320667747,51.57225545594315,47.20976405035779,112.93933011701948,70.5115213380025,42.59352661998788,46.77999140548349,93.67189563245196,51.66194392989141
2710,147.08665451371127,77.61915122704451,75.81430500811227,21.953774642967115,45.050606121553386,50.47167267844216,87.27810098222302,75.34641527518974,57.356398108006495,44.35322558243814,91.26018995255474,46.06231000342932
2711,239.9850569316397,79.09291544826289,60.37082766387414,17.820219508879628,41.68401301679276,48.06262364674728,73.63844023211304,71.06957088411124,44.2051938412266,38.83732536663137,95.25899164043344,67.89828304366594
2712,266.5925801915554,74.95478979236388,76.05053366844764,16.117965791265405,41.15040366670739,38.305577101284,60.44869811529965,58.22593547361602,54.896397317711376,24.2499417618776,73.20629107961369,43.32412201579806
2713,291.8043446226255,58.792778724812415,60.686768789329285,19.460325600935505,34.13456498700291,38.647160147961394,47.31742595558311,63.81042193507879,44.50218081360513,24.53112175634184,61.618745337602654,42.74476570865056
2714,272.4077524299732,70.24297260530358,60.97984030847695,24.982628888684527,28.259451512669525,40.726866422130186,46.83771605130384,58.58169292236172,37.45410698181808,33.549470196421304,93.90638097173884,71.40269551350119
2715,105.12228736305832,67.19119333017551,55.45802507888224,18.59250771257281,25.695046546441848,50.39699258130527,55.358420943888525,41.10975627921162,41.65757622314146,37.260653523833554,120.34619724948836,102.2267620136123
2716,86.06663969945271,67.16946496262574,86.30484356386465,10.67483883236787,29.910423554189183,49.866673897605295,57.03855187616223,49.04061359765104,30.09600456596341,27.770605422995235,62.20877768675654,31.494195439184697
2717,113.5755535490573,64.52685051815052,84.48995624467113,22.248119154774017,48.2457315616233,87.56376594394784,77.6994262799503,71.86815339330737,47.14048494269261,21.887021474077947,81.88777400103683,41.85520075558471
2718,71.30945407625543,91.78673634188976,76.95299935123276,21.16856038169956,29.83557059362268,178.8504487707213,63.00996070664053,55.87958972800755,111.55393028253545,25.98229780599764,116.6680854221582,32.92081558450849
2719,59.60543388357363,72.48011172242579,108.10118613709376,18.892140684252325,24.214429688858125,171.47540348887156,49.54982749431408,61.89281095702827,144.71663455229054,35.81501185198745,84.50217186085254,47.92849427872842
2720,63.76812315324884,63.73906629756949,77.04789101034679,20.27428731522921,31.231450701784965,106.25557992443944,51.84880414447719,44.92987362717882,91.47686923094987,24.634696442134533,70.29975664214547,32.27934991210662
2721,179.39609383263897,66.64831758356108,52.44955121143472,14.141317840031649,33.47587413105357,37.24755256676869,58.83054210414746,60.54002384686503,28.63445448931373,26.073511900580023,57.51660227849796,46.79228015134313
2722,71.03806556090662,61.54445513566941,53.89049273358336,15.155233190540155,25.550172739212044,49.67637991904648,55.39229129206029,32.913127555854416,19.572492153352048,39.6121549628755,101.8144580027112,57.57156034321687
2723,41.721128314379314,61.39712292127651,68.2801938495613,13.605703582674495,22.38982675674964,49.88569109322556,57.25665434962497,50.66249467858594,41.16776010143801,31.716846455608227,55.33148015619395,22.30222247686885
2724,36.35486691576903,72.1099151520877,73.51568167961533,14.567268384571644,41.49238890465691,82.0548019277223,132.4032560037282,102.29532744562424,44.65596090677609,34.91096848196313,59.304618053573805,31.718122243777007
2725,67.57034144464012,62.830814854819096,46.23838353217464,18.425721694439147,37.9478742990008,163.1473708787136,151.99210908247474,58.75433372439868,53.21038136856521,46.46382916137689,81.06164522197209,24.572203587551087
2726,90.0345168535224,83.60729260269277,70.02375300651813,21.17211914060778,45.07210168185802,124.28181461441712,95.45743491956895,65.65445246453469,36.00085717587013,81.97379759963853,91.56719924676156,31.911107335217576
2727,116.73400529928496,79.80208826605806,92.911206374912,14.107548962027153,41.381694832723454,141.91649388930847,87.64865474732177,47.54802689270943,41.66953181699776,78.45555546023863,79.63029436255286,18.205630350393143
2728,113.70718448051714,61.457245444752566,62.08900915850495,18.548978486151263,40.69159428735536,168.18783214224604,103.67557334913688,38.35957882775232,37.41111623577192,42.01391776067839,103.12003908475864,25.72535599854837
2729,148.09758417335595,57.7816263078555,69.42083012467592,34.82817890824992,37.37242109249994,144.6126312995428,93.2304834770192,28.08885666983497,34.927237954701205,81.91528200413036,101.13142829107548,20.878823048577605
2730,170.1902544616777,71.5854853458838,49.058628892600666,21.36084368264556,31.78110818434876,146.55034500368532,113.26416681792628,35.86521617130355,34.11176485281372,54.77664277191225,77.90023381784334,25.8379655370976
2731,93.29392611082169,62.27799218634156,62.27859227977101,20.1895958400947,41.121779222972094,206.30534646424047,104.74268884760023,27.267700861364343,32.27888632277498,34.41200473291758,42.87523804377282,25.057645716987835
2732,74.5530046927886,60.06944744835645,51.34734421025318,13.552261229816088,72.5573786772907,175.31971534086648,86.37271846501731,24.77063550696593,32.59516650987107,51.38248210490348,39.55464245464933,20.43727720404676
3637,45.5083438296629,34.200670032370944,49.45439346994582,32.101386843394415,44.86832548995097,72.1978344427732,54.30599573796688,51.37388782000395,28.50651364293047,30.963873538548043,86.1732090016325,18.83821755125128
3638,55.9656591087035,36.83135496730068,43.82107974537711,21.11444510082461,26.484404525104924,55.84374977851975,108.42373719431215,96.45214884022896,26.069652197645595,37.34833657551912,58.16241802550848,21.344303088332527
3639,34.014549982042205,56.183451082445885,42.277388364162114,38.52108235661211,30.956984057927983,70.48724726172057,61.009097603156576,60.29614394857884,33.02576033715476,27.43409846142977,79.99460900340178,15.44102471060576
3640,54.48007330901044,47.7032063101159,59.76451040269327,30.5589781577751,20.1334311594748,59.836034742045726,70.42761036067053,68.92316243457056,24.16289150072637,38.64988454840682,106.87535557888786,40.80692090493613
3641,86.49521164292253,83.18481525412726,78.20597385988432,21.85238332323168,32.728680624429416,39.22216574883452,74.54426471362034,90.39595386840573,32.02543836420448,30.49910147101589,81.75459284093074,18.57361961504273
3642,114.60641407862732,113.74410924112058,67.9259284923014,22.707736521621687,71.0910844410813,94.16178389062595,55.868985115084286,65.2085676425819,75.26857084333705,26.94435837648884,100.9282640901858,19.58093699608333
3643,77.16373097828217,74.75843383946464,104.659260227934,17.0595146575414,36.59324385905632,76.09697202025782,67.25692232549123,75.27835562965899,46.356349658278575,22.521923602652947,80.5097250549758,17.425562562031967
3644,38.62408826248564,86.92913974530487,99.96997410559484,17.5518497615668,22.358611878240342,69.5939844824117,74.93678774924692,81.58714053061715,66.66145734863767,21.801527646510007,126.27485435306144,21.05403644824417
3645,44.11453885518723,115.47458035585,115.3488915349308,37.11211284902655,25.278679389763926,71.21752702621035,78.47713693173264,81.8404150339067,31.977168980423368,25.08575839226516,151.3999606926322,33.86838046724889
3646,68.29007735856098,98.42019132046536,76.83865724988742,34.1642541608466,33.56369364051264,77.98597497458515,70.15587468862535,89.98986773828025,35.81121575873323,37.55177786936263,107.3668520792615,24.55866249179677
3647,114.85318776752986,165.3837579112739,86.74075099853134,13.112858493316704,24.208696580012788,64.53740343774005,64.91425419322886,51.3369560723728,52.74381326558732,31.306284751837943,104.9071198942932,23.034524918379343
3648,176.9571127315166,190.29031031388587,88.47273840759983,19.419048867212336,27.22921813633895,64.62245687466267,46.94060685667614,44.380345568187344,88.46293019993625,22.09478961736282,109.76432484881418,41.446428927932814
3649,216.27749137110084,149.82297002564815,62.12022180049591,14.98456831147544,25.159291922929864,71.85460098818207,45.7578883033136,54.65243721326071,68.32110966075338,25.466354132831498,93.03030835821733,28.488675339874703
3650,216.0121783404458,191.36413980459992,78.53457735331716,14.23080969141198,18.15073281859295,56.71292680088742,39.2396573382804,41.755924123830646,63.89720101121964,22.29692846982648,55.37687818269443,28.427696201269
3651,154.88231753676828,245.29539479178268,112.89010578890483,14.169952277093524,20.66524084301448,59.0612786647032,39.53281588610076,42.66729511148295,56.88166535034317,24.337997812696614,59.697338178332416,36.51584581577063
3652,194.18256935860515,217.99178851450404,130.00972356614778,13.813350198309088,20.47776350131468,60.91880965394019,40.566415647563375,41.592104007129294,85.6416717221536,20.714016813254208,81.17927657968188,32.12648479443226
3653,127.99998786643717,98.1407501376634,93.45797059977016,12.433391440676408,16.01504602571355,61.29190304925297,42.45328441098557,54.652409827383735,53.10237819326664,35.20561123727976,86.02595810661022,37.76604595313922
3654,50.65744166671062,71.77756531077081,84.7114346909707,13.992825758795345,19.30821975067072,68.64327389533281,53.41017781847894,62.94542933625246,41.30602048673512,24.703226843176363,88.96899854580134,34.78188981995848
3655,93.91979046157512,105.3882231851972,130.89398175566356,13.362525286135751,20.52367222084112,86.80779951433888,43.15526375758711,74.13269889907195,50.54525040066909,25.407673395864915,75.684448029445,28.65920380132612
3656,85.22349640927457,211.76461774140347,128.68770177816847,14.670277553445048,20.63970680882221,71.40876303029374,61.25121445081087,85.41981808037121,148.6279554687776,32.60063122042956,83.16593144560144,28.895843524504286
3657,66.43162245254243,151.1841574080937,114.49181991153574,13.738166255989984,24.50441213352796,110.41948693370604,74.54257617398592,72.72010331618979,117.77580530210032,33.49001002407772,88.05755211046957,30.737955083992134
3658,44.81581084053511,127.979200774866,109.44829503457636,17.49046711567101,20.244677577889767,97.1257674227388,78.47540656292252,61.70077068998264,113.5228429529228,30.58342731091562,94.61384589412172,27.31326053494228
3659,34.99660411081639,199.64672226289647,99.21698466871123,17.929273182756788,23.747813070569023,88.90847954779959,76.73747732233706,69.34637103646641,113.74584865437556,27.78371545072232,105.1858792382928,32.73347500318843
3660,38.18008501689374,191.93735248771807,110.13410561177255,14.911781168608586,22.64556994387671,120.95487350718432,68.89297951482767,71.53491196038786,148.6894661213367,38.009238935486486,74.54663337733443,45.29946497451844
3661,48.31909297692428,131.05148542983483,85.69539120734774,15.52664834466827,30.85949004267995,114.03373609691306,53.79023653427696,61.81153663865388,133.96608519082488,40.17886181848172,84.24113365970835,42.44681342984028
3662,110.52042189211184,133.97398926345247,95.55940061368892,17.968915669494766,25.436473242891395,149.026686213101,59.07960567609208,56.52366240370464,113.04352005203197,22.475835123399204,75.55244854420611,44.8349154888158
3663,101.497421030971,190.8195970836514,93.99079363751994,15.69270484182795,24.87599308115705,74.85406532083803,51.83240754876673,55.668234471725896,77.96334615862239,24.292412969378105,79.80838982044521,42.43107326776286
3664,71.39553128678169,183.69272439444703,142.20004454068433,18.33384595236709,20.71174395661112,60.12105741147844,61.389627974305775,56.86472619454146,57.92789263073182,19.49889061769512,64.55202499837057,40.05331073064498
3665,99.71582801188464,217.09639301637287,166.15509030854824,20.258067551654044,25.4062533708428,82.52188703408628,81.38934537046553,88.499432072534,119.0887735731284,30.59887692100792,92.13249783367766,49.08501719811156
3666,131.51730914385968,197.82665536278407,144.5604207762356,14.489694865312616,32.34004911704316,77.30533279149942,69.50907966119091,79.03821967558237,73.6809069675921,36.97960744988475,100.08247133143324,43.448184825352335
3667,68.10065512607447,121.84239546383454,126.56507884922172,13.951811767135087,19.80712700185434,74.27512248181347,47.57996322016949,66.75669840657277,58.712520730947496,26.029881167600887,125.03486837137372,39.598508343403566
3668,30.617410862903025,109.77535842836411,96.1362517648958,15.492793316668104,22.29775739191987,86.99987504313833,53.38749702094433,64.56309227804627,46.78581847848221,27.065572785618578,106.8622440112526,40.38344066754603
3669,29.27682191649257,68.14338202281199,106.54367583192584,16.188704441882095,20.6170225766006,72.45993079419466,67.66973953820553,82.01972049906887,38.80702233999513,30.69082401324797,73.50139018046944,35.57178031817714
3670,35.95921474344818,81.65841959417088,121.40630921383963,10.547905726862425,16.58296386440602,69.18602303232726,52.17686754237233,71.15567513417018,42.15789365565895,23.97749746064325,64.74082250423446,24.764243998915006
3671,53.121493386653206,71.59134556020813,107.44184652761584,10.214281464307131,21.00331748938805,57.80609041592898,53.370526084271006,63.273167832766845,32.05219889204689,23.434429606848983,58.74356252843434,34.53402821472135
3672,177.36103930780763,113.88426321320668,90.4837269690298,13.914152682656448,24.304666250802818,64.8512538194765,54.91410288293022,67.41668836281441,46.9587930503532,29.362831409236826,90.44589512179289,30.69378075337719
3673,223.7452920212285,104.07551444656136,108.43859108396276,14.214737898448528,43.114950354254375,88.26407447101633,66.19982841283166,83.7925688737485,45.9295497681844,30.497539995756707,103.59825153949836,30.232271098589443
3674,254.64854567195167,85.82077687348446,105.55400351449464,14.426765467930723,33.764343791422284,73.81922714165347,63.10453096309264,105.6422146767738,53.21181811799348,25.860298099580408,126.4777661311024,34.22511872123144
3675,266.89138380675485,86.35223953712062,122.8412115788557,15.968780626794612,39.83540675790645,37.68136718154686,70.69896540633428,82.38361607139156,52.95125497800363,23.546875009048165,114.3253746250478,37.862679017079046
3676,287.6223533161428,76.04590634188887,104.63239718992313,13.467800157570508,42.857384202947074,38.234493992512114,74.82225619353572,69.859114908807,36.03622168795259,24.560475531161018,105.722336813101,33.27664192988789
3677,300.63054274159066,85.40012980275328,102.90113733644644,13.496703799921416,60.04714492882409,63.08346477845975,78.2255944595195,75.64546955000408,33.046080502180395,21.318761675429204,85.10707675105094,44.48301474256135
3678,302.26658691404367,70.90129869352097,135.9001702500564,12.654660791207334,58.149424800985805,63.96036863953253,61.033024684725326,65.493384543047,34.58384665903737,29.01700869658688,56.0806478443572,53.373879331014834
3679,312.0935972106752,62.18827218214504,103.87627719654807,12.27725580429218,38.627935505817405,50.30983574393788,58.4917713593031,55.46171202201492,38.22669263308702,19.09032959737476,81.08330052265222,59.4774356540178
3680,296.56902957966594,54.0841420855491,96.13833479063048,13.614331792201336,60.526936027803416,53.02516110550073,68.39467603427647,83.19269236803066,32.56487679215181,29.01062433179856,54.5705671672936,50.06162800678713
3681,274.3241923477816,83.30401215026643,130.63313822075295,16.15389864106577,40.28598847106381,51.48635553304543,70.82582694382741,71.19015210929119,50.82084624741817,30.167254001052267,73.32259840455103,46.93750005528806
3682,337.7561414001119,105.36152194148612,121.1247524074988,11.800235820236413,58.71484649112202,48.15851889009021,66.61077180581526,79.40609932031042,47.009495399407776,26.467781950547824,59.729605364972734,47.83462316415508
3683,341.68121793151016,65.6148030732386,110.7099139816192,11.194379780489967,39.7491168358504,50.947099122774766,71.04559180723123,71.17194548643144,46.66656893623606,31.322017956756333,92.76025500550088,62.74448678469453
3684,336.751213697192,65.77974565334377,107.27695789978328,13.067585260416452,33.0840517593712,42.6079305117345,63.43183553492398,54.26507244402034,45.76981607588466,30.155081808322716,78.87693585843044,42.58614485454149
3685,266.61637172724454,80.44931905247051,116.06110686770796,13.015229339304751,28.0307345761984,48.56369203330409,49.88058011446708,90.22387591858462,35.6452715189706,29.12012821043264,103.88010123035856,32.69580846147062
3686,164.85812297765997,106.05319322721628,111.68652846023924,11.20763941362492,30.47070095067628,50.37915315884078,41.506875721044906,60.06454335016439,37.57828690146047,42.77549551941094,122.34106542458548,71.83671735851586
3687,100.15245839961553,105.88459820274936,112.3020615939058,9.133248621536833,23.58290384297344,52.77531339745856,43.062418320827376,49.0046844738159,38.220995941063165,33.48083234316529,65.52218041755668,21.807894160070088
3688,114.62019880423571,82.21212844807702,78.41347594076022,10.175676552207376,26.762513307759264,35.81710986533951,46.863144211410656,57.42125245358803,38.81266028224354,30.24052131570547,81.9597251497176,68.91364475590936
3689,77.23778433076566,84.14354654606153,104.17867238404288,8.839083165626665,27.33034803564468,95.66715602124695,41.555487398882114,81.32973115516205,42.29178820349249,32.24761707659543,113.84334036677176,40.45071830793023
3690,89.16960600242113,131.39921818632524,109.59049974005308,14.567172944186831,22.67401739954756,132.79042580789877,40.48189269459937,52.54664139979942,43.55559879264748,25.41886442060084,82.03863125927946,32.11300217358805
3691,100.3015793957766,167.60514299675097,125.00001682992092,12.782213637692738,23.40965510770444,136.8184475386196,50.48907267182495,52.59101937246136,52.98120915895601,28.205402852212224,87.25777536776505,19.305670986323555
3692,126.56895744566016,142.32147099362692,122.357658141651,9.572961851180192,55.44634787741629,57.4176642748028,51.009884874518086,81.7034470607819,69.03133645839405,19.68757099667769,79.96480566642065,25.58610656489387
3693,122.84262394363908,70.94835273936269,98.91835685291416,10.29961462211847,27.07780803242982,34.09332302431031,56.137099955607376,79.53484833831709,25.314497657729856,19.932052463320684,89.2080889725862,55.22069342904268
3694,67.82518996691417,99.30877384945369,105.2321521113344,12.038267703398736,15.92214818172098,48.61293841718246,66.73226750082006,29.148787099572992,27.35623789882911,39.33642680357938,150.0469650747172,76.64640197370232
3695,51.30152337717856,87.10925022804187,116.48764673361087,14.987577936939926,23.239490855812612,40.92137964952069,39.95347720317121,34.44396878663748,60.943534198101375,60.0613546148465,69.03039385686571,23.798748932750257
3696,49.38154009723808,82.50117067938602,116.83506619954828,17.232226026154816,24.8149673810434,43.01147726875039,51.30890136632502,83.68695431387472,166.2336370377459,71.53819263058877,52.86903599895247,19.82206034132048
3697,43.057946700400926,115.47512106507192,107.2941689907509,10.531093495654712,34.86405332408864,64.88379225852593,110.05041528875428,73.86253587983478,50.203390394821554,54.57828598972906,85.824496783046,19.271613489870745
3698,39.485136667611656,64.46917743418791,75.98636987375,17.02857737821705,37.20191149874098,108.9616698166514,95.63717634325072,96.3343169912433,40.93211364005551,77.60822337866601,91.5565705364928,27.42520822559768
3699,68.90235170402114,89.79167313760148,94.97298190370108,11.616970328540807,36.27542496337504,143.61120689782663,66.00716466790354,75.2391780639147,41.66841271182061,91.0624502055816,102.22043482616232,20.33204313779613
3700,107.50015414350116,100.86306731377375,125.2091118715056,15.614979211586984,33.07277354112967,137.3188005614418,65.93630834993027,30.658790233187755,57.47155785748573,64.28842094638128,85.3971080455227,14.54701166103524
3701,125.6119325317247,111.70014290974716,116.2471065298329,21.845226241137496,32.6116628280876,93.69578126870742,63.34350750324449,53.993037005876026,49.416478067369496,94.142330287642,83.96732669959414,13.638123123376488
3702,85.14185394573273,88.01551572725609,94.0716167905034,32.30500122994051,22.67963160634593,80.59877496484908,51.44313071640544,48.46614841007981,39.227403308656655,86.67915556435916,74.46243047699177,18.419499706186613
3904,92.25697901094046,29.77193798940969,27.6166207011186,30.523482779119657,31.34612650628008,35.676748668169495,45.41602311302125,67.74032010088763,26.807842075598,39.5335224144884,53.71678241239634,11.9927632712856
3905,53.04101106104209,54.09875326959397,43.23129121437288,20.491333462564,29.97514499573405,43.141587929204704,36.55361414979616,52.432248775911205,26.780304919615716,88.8979058718639,91.77135587199491,24.808201268892127
3906,69.11839635173133,57.7106032391037,42.69229327814329,14.77211128355056,32.95897112382566,36.62919054261518,51.02628087939144,48.53587392087734,29.703482319853528,35.42405357877401,136.09726176885297,22.24023988127276
3907,142.56763531912796,74.99365703405121,45.18799978209059,13.962716278035217,34.492974474053455,48.85164320480361,49.94980549330499,52.80114458512524,54.84340314272357,24.123363906929125,135.07517427852736,21.28889162671157
3908,157.30359200797946,145.03111989170955,64.07216254918737,15.473077716138762,31.293283036259663,60.13507120248355,45.20777089091055,38.50074302269396,81.1204935106611,27.687753778304145,99.7880014347886,23.32784896671489
3909,143.93044236886217,86.2302605157423,63.85560011350776,12.41232125215577,33.24615901281739,58.7954246674848,48.32040043608144,57.19162142618186,53.263588285483706,35.382384096808345,78.85181848188192,27.568654676656333
3910,52.79410901877374,109.10482409908104,51.353537858909824,12.626721695660892,24.56783095628628,72.19007193529505,65.92348705497433,63.787894457353,30.347907714691846,43.046331502832125,97.69559382420812,39.09610798328782
3911,59.89332015459152,118.59799444495616,56.7505124492306,15.414779970630995,23.122158990249577,83.84205976535127,68.25758274501959,54.99335890065025,26.634115758832817,37.91827081974412,112.72242838422616,23.310724159336186
3912,50.20498944060692,137.85793037718082,67.00568438721255,17.34590615087657,25.54906834179,78.70330759026248,64.90549559135093,50.97272806048496,50.33487217877228,30.362653037806247,74.10678463002074,30.280438113843235
3913,113.85026926991836,108.24758167558268,98.44009797458015,13.412899353320965,27.61117848271468,79.56802649285021,32.11962581541191,62.92130733182047,39.98258427928842,26.698958003707432,98.25471308911808,38.11860117476197
3914,108.04746532374834,206.5655187096065,91.43728255843192,17.874232479795083,26.60935612317017,81.84612091795478,48.065646427447824,61.37590004531035,59.92911078350827,29.796736753533768,85.39374212638806,28.63198588362781
3915,109.20633906656964,229.91008555442463,145.39430880111397,16.71254256341196,23.462476021815256,62.20341054448266,40.5702648530395,59.2012912619196,75.91633716190204,34.127347546182065,74.9120030227406,42.36040077217849
3916,148.25278072096924,233.812195837986,99.02118017135598,16.59227683140511,19.423997827608265,77.25348614550364,49.099637592973686,54.745700673787226,76.58674363058414,23.91317444036224,70.98266077316113,33.87361292360073
3917,116.97893901176973,151.0444698545379,107.88152118808648,18.780745706004492,15.296473544670844,82.78858636425822,73.05781292077437,61.031297024814045,57.6807843405144,32.29847679459139,86.23921738885171,19.72547441536048
3918,41.62629545839884,126.1649391075574,92.56685358874878,21.511303380849373,14.838539059352792,77.91739205564012,78.65831918921198,77.14988314208716,53.59456633942272,31.409776314080077,91.0135323019858,43.41827727422132
3919,158.30110255961125,115.87890191520594,80.70140380470428,19.1151315465312,18.139137154251657,76.21314063520244,55.34277749062451,63.16236614817193,58.66815769382147,30.95168293086249,111.80113998514508,50.79607685651656
3920,43.556551648649055,94.05777801371612,68.3389333583943,21.3057511059592,20.411876602192788,89.79146883062334,58.454681544989946,56.06291697775781,50.54955338259876,36.962042360548885,82.20082706821948,46.25444977536331
3921,34.928889916084046,104.43839232274772,77.11268467618433,23.14771006942071,19.04558844232422,85.73752874086662,63.84050052458549,69.18214841063279,69.13164551534268,29.98390726488627,92.0702662488764,32.04974102628709
3922,54.15097776622146,94.51972312854924,73.19837371385945,14.74834512442928,18.195919352341715,111.18560815440132,48.13465560068813,87.97618170538534,49.0770099500353,20.66542618894548,112.25795809168072,27.34176473418791
3923,78.73916983165941,183.172669994438,124.48240613516924,18.28399186744098,17.321661590574912,101.31925350952656,74.17825337385743,45.56966060314482,61.44677465909082,20.21289340293485,101.0031345735985,33.75995109975019
3924,97.6442039473146,189.993030698872,118.29711445963711,13.576021053067093,25.029952281030788,162.26870309365603,93.69281703720232,58.050102453124246,66.05774976065379,23.62605405128777,124.99918534743476,39.51522055446556
3925,83.61341895917492,214.1422715333232,150.1333307852246,26.019768042655528,25.474144230573888,175.41399134977675,68.65721287425075,58.44035514369622,53.53257970560772,30.66325274012578,115.6265217339063,35.41642720791427
3926,68.53631895083011,222.86200610641745,155.02614774073086,22.863734737296568,26.782756236807018,114.74237494616816,65.0458014142466,52.27452145900166,85.89277524881612,23.619709435528257,170.8128895981274,32.06289533267412
3927,82.14648077138807,240.59292299911536,123.45105968363404,26.763856669205428,27.209861340683776,137.85155212037245,48.13546526818928,41.15767672873108,64.4378096293311,22.79811805806428,151.33085931221302,33.5823984504198
3928,89.3278724209291,231.1523617125389,122.30146995514671,28.502598052314376,19.011294071868875,148.41296751523072,61.95695765916085,44.608815723563005,45.438841397462205,22.45895296276128,96.33639469130848,29.594107688588178
3929,132.88008261579395,205.82252116198768,121.36847451493608,14.72921842871829,21.940288973835635,94.63702912000537,63.8230680500297,51.532605451796506,81.68428346203945,20.669451089053705,102.48828095150672,29.550151226611955
3930,142.1223595806088,192.3985409757896,110.074991477616,13.464204162006665,27.351878545283316,65.3165377369067,70.36862204869375,44.07769212009728,68.0084171020089,18.483397896771383,89.09957633766538,32.04195557909157
3931,91.0364667898354,188.68894815294007,98.04668042788992,22.876289404354587,22.0145416852097,87.94779346717502,78.55879684440765,50.743307927957225,128.33752636554692,25.265716629368697,81.9203169658885,30.09742615805925
3932,102.21438315999404,194.7032788641012,125.38207305209684,27.502878267666382,19.11563533435131,83.49117077867841,45.85612989697149,44.43542090421101,149.612012950999,22.70701888957788,83.37036702040608,47.21921702930543
3933,141.44633000487323,224.7771698531525,98.14206203255893,19.83776283058005,21.49752765919973,68.84905279061915,58.936684257415074,34.698625643407794,63.24766675305624,22.16112287722345,98.28135602250374,42.30677512158736
3934,75.97679436765577,135.5061424808381,93.51603346161696,15.7113151601059,29.79357470521149,56.10535451223157,69.43213910399082,36.89170666575462,56.59315072326548,21.1028133835522,87.89386220261414,40.02070261473347
3935,43.19795746168588,89.72856072551689,73.49496792144333,17.869812207371485,23.7275702533998,69.41302334051767,86.66399041203546,40.09737607362128,59.21179368789046,23.693413761577737,86.98993741492345,34.71003746466398
3936,40.74994040889632,104.35208813096736,109.5429602465289,19.56126654449364,22.36035425159244,72.94511288100524,54.48255127717111,38.40279189244632,48.98952831782331,28.030408863211527,84.50323306501868,34.420694501900144
3937,37.17854839770128,86.83147832727983,96.3103404230108,14.916790925735611,15.267562466604886,55.52180513885092,50.36083593402873,34.103496427235406,35.085864274598634,23.12326148957995,69.83065760650769,31.06151721332389
3938,36.95052887117634,87.90355803445966,98.77601005917924,13.214700773668136,19.1263789519804,51.29578137389398,57.66409092211042,33.45150471325485,27.78806535250102,22.119975273315767,61.25213612427606,23.92383959939608
3939,99.71664785532792,66.48517785749141,72.50362865136687,11.55139659769526,20.967978247848805,76.4767655938535,39.590190608364125,73.86958316837955,42.51434850412168,15.319450376097029,56.73124466354266,38.792043142969554
3940,210.34569494230692,83.40507494273693,82.52529251710028,11.385209100882022,22.678329523463752,48.26752462356074,52.997093137077215,57.80667318474941,46.059324458397086,22.235870715892688,95.88123525434771,34.03338846785313
3941,259.77814481134686,79.77186939839662,79.66661205964267,13.053207424255511,44.165353210687904,62.92124166565415,54.498479678431295,68.61746148255224,32.139514866472965,19.298062022508475,97.38460746392369,71.53172220333356
3942,276.881332060467,88.76651371233568,105.08311096990651,13.211198290495492,23.185341639774727,65.90663386379707,52.46228831868287,80.72591239464542,38.349636982944254,24.07407354662092,69.21613885746736,87.18452423700873
3943,285.22904574445386,90.31629732253025,106.26116966654726,14.800111207459636,35.624396339882765,58.69674555976421,36.83361782204388,59.16000674660246,41.144323216699135,19.6188156351378,60.25539378326361,82.03895436417683
3944,284.69502493755283,73.95201594260686,92.93572366902264,11.194661321552152,38.136625020531504,55.796863926502645,44.681289937587245,72.49179358930026,38.914720099326175,23.30939588941451,76.20030722722169,80.79325495092678
3945,278.50312974418614,105.67728800597908,102.3528976317436,14.164467469426825,35.880942219414294,56.22994330913584,40.71594893601946,68.14289216304373,49.64270063099092,19.039105405447888,72.0358270126591,82.15564550533344
3946,262.8890270949414,92.40048044529108,94.08278645570412,16.206834595875733,34.78276336539911,72.19456590631286,41.599811223960366,48.67370713952743,40.98683336125043,23.903200926559208,88.051118233012,82.67740039104862
3947,235.01394881308008,81.7843952749139,86.02366194273064,12.37640011384686,40.02967593770548,52.50243145322031,46.13751106952079,58.0574394039424,30.676210687959728,28.158677604861182,73.78258386134854,66.92786974802098
3948,316.4380555286645,102.60967550073867,82.2415116164897,12.580035730368389,33.03559610309961,45.033688000366666,69.45803666264062,46.96750035535352,31.103894204848583,28.597742872792345,81.04230148407616,52.30360279742152
3949,277.453163728742,102.22576832269296,126.66398484256467,13.441657852711458,24.57311127151847,42.13494223496389,36.23709957425153,59.3319899777826,40.86775226820183,27.941141016843908,58.73479626512154,56.95688767904222
3950,282.47124897520035,107.03129484268544,77.14666612638209,10.918036960123848,33.08454486137585,39.7187749303948,42.10849614237834,62.70311220303408,43.13953346082808,29.63532795795052,80.75848075518829,45.632080697382605
3951,169.01244393230405,68.87205847577879,87.68107917993558,12.924749893357689,33.171925313876365,44.48840586453426,36.77525668053208,57.899306816082586,42.46583297423103,21.62386372288424,75.33805240577135,43.90198720909861
3952,126.01301143465751,46.137589117523376,64.35512446373825,13.987627350897954,32.369009712182105,35.14872750947914,67.30713417393112,38.294796954114254,31.40833767827616,25.380292601437528,88.88678147226467,76.48556785704646
3953,89.15413608419924,82.20634348491616,96.6889548274693,15.70523888060655,20.38088605769048,38.45167573520716,66.01377450785036,55.180760245629024,27.705018787426624,34.879245860310654,109.22162824731898,113.4054537185425
3954,151.1611239464885,42.92004242609812,83.80677258036303,14.757223186101667,29.23936761553264,34.03330359875915,56.78738744527896,51.83552866398795,26.76704538132381,33.352947287663824,93.4044473787322,116.45105082980564
3955,68.42737530170531,49.9015691008432,65.6656770959032,12.710037001139357,31.132299006003475,56.369939821708655,34.55830049750323,55.44000765447656,24.181955529353303,43.653818203193005,75.29151560244605,38.64856694953584
3956,75.61867310514086,119.9278417431883,78.757898821752,11.541458835549308,23.664504204515485,49.35954434612252,36.797350492158,33.05777536574912,69.8696136459879,41.004453698672656,98.08898755531168,34.75528574819861
3957,83.48574267438246,122.76896391453108,96.10011799340973,16.461813442740663,23.17403788922801,77.28616824631028,60.39642756881268,43.565321768299256,80.77989703904161,29.45144777972196,87.961715183193,33.57260211426852
3958,97.2236813137454,154.0252123863579,88.77203356039021,16.51269426656192,22.9906372841317,80.91217728182235,54.253017614998704,59.63611338706728,92.5409883289973,51.35032481700284,118.06205605635422,26.761450247967147
3959,73.78289071716284,142.80519650642913,90.04957360190126,13.807219293496862,23.08069981329774,75.05277869745379,40.6233928915255,35.630016221932216,119.62660055012124,18.824122866316088,93.01056238497904,24.9110876926984
3960,61.63264892297311,67.27989972293342,74.03490883056233,9.551973588669394,22.627019446994957,35.53878056897143,55.576206208531005,52.49213186811745,35.19857387347468,27.05771348458393,89.9893890734403,30.58892573316298
3961,50.7503443374614,59.20236266474415,69.18820029278929,9.294829316313814,17.441350998317954,61.46517520909595,70.95632143131567,57.885017913758446,27.82476606773528,60.66045875967831,122.14579115523657,75.04297879229537
3962,32.671420414244416,55.120536736160936,55.59208937747558,14.124040186854677,23.50441911558988,50.42617548249141,70.3325050702818,48.301630770593846,49.7263804417436,46.8450421424086,77.50344645943113,20.504876021483906
3963,28.681534450739093,48.52560069750263,95.4858216621456,14.167970036231232,26.13504487982457,75.49876648670252,136.2577413615288,81.25377169368767,42.03147798584056,23.380999418919487,64.94578480509352,30.886413289069896
3964,34.93162984071507,49.0401163388156,66.87445675256204,11.326081054019507,34.591537427217006,145.04955539303847,112.72350064403877,45.17946283630023,28.12883594521358,36.809041332237626,80.18529077369888,26.65312509573332
3965,65.48459275053013,51.19383369781242,75.58016285242014,14.7244176657598,48.76262304475584,165.7073468232541,136.56325408566587,68.57415402288302,24.59619905845077,64.77584399925249,79.46541365813084,22.30409335573958
3966,80.69089194731866,42.82314150003543,62.46484093274715,12.848055194598071,70.74109225686487,144.96756876832723,92.68720446963168,45.29075382249972,24.75477551092842,58.92538241967736,58.90090200504636,27.96142396155975
3967,90.85449967424884,36.681163679040274,79.71283897806771,15.026816531853136,64.08155725679173,145.92115374674384,102.7443552868555,36.75715218188997,31.898465466064764,47.624688748296165,85.24081290694532,31.895926296342044
3968,86.40004055407596,37.419452638816615,63.642193212499286,26.38147693615232,44.78031185609937,172.599682334208,134.87781910766776,55.22684048128488,20.82697509035819,51.788275468747486,83.04799446509132,23.043195837844543
3969,141.28364635348035,35.93758107785332,81.30612547508987,31.85711209792885,37.11298088584854,166.24293402244152,133.61228038234873,44.94865852877175,25.96652372961796,46.42676809321544,56.24604650550197,17.695182336458977
3970,150.45463439886404,44.83685359662733,63.62424841833337,29.836121218405705,41.04819284258837,133.80373961373076,122.13002511391709,43.65828666854649,22.520086629091352,61.0844272802769,52.6190162795884,28.12203594392093
3971,115.7747793373808,42.48156250952592,63.66912004728088,19.409161025789903,53.572338122637966,119.97742840404015,99.3567375080843,43.80839473530562,37.59501017211145,64.08944244526624,55.19668961300345,22.82430270923381
3972,107.46042276445488,44.42680936395608,43.89936540269185,27.056761258476367,40.06420954479657,155.12520381388447,109.91211627677762,29.94363815418477,39.86195490254028,63.457867787357415,32.29779299292465,19.296622727313668
