,C,C#,D,D#,E,F,F#,G,G#,A,A#,B
1809,0.0225410666316747,0.0277258865535259,0.0348070859909057,0.0423396825790405,0.0551783703267574,0.0880610942840576,0.3774506747722626,0.7231962084770202,0.9451109170913696,1.0,0.4194458425045013,0.1089888885617256
1810,0.0254299361258745,0.0203774441033601,0.0215360056608915,0.0276705138385295,0.0482595451176166,0.079596035182476,0.3364343643188476,0.649761438369751,0.9055973887443542,1.0,0.430820882320404,0.1215575560927391
1811,0.0311898496001958,0.0295041520148515,0.0284356996417045,0.0332732759416103,0.0440922006964683,0.0686623379588127,0.3035011291503906,0.6129304766654968,0.9072012901306152,1.0,0.4325753152370453,0.1250349581241607
1812,0.0296894237399101,0.0361696854233741,0.0303040370345115,0.0318360179662704,0.0579926446080207,0.0748811438679695,0.3094131648540497,0.6283044219017029,0.9361382126808168,1.0,0.4248602390289306,0.1162653714418411
1813,0.0303226895630359,0.0257632825523614,0.0309293866157531,0.0422058291733264,0.0751484036445617,0.097906693816185,0.3606962263584137,0.6941802501678467,0.9319010972976683,1.0,0.4153425395488739,0.1053977310657501
1814,0.0442067459225654,0.0349749960005283,0.028857696801424,0.0491132996976375,0.1464553922414779,0.1035608425736427,0.3260299265384674,0.6611785888671875,0.9403336644172668,1.0,0.4229632019996643,0.1190176755189895
1815,0.0617602467536926,0.0471868813037872,0.0457086935639381,0.0564255304634571,0.0486490800976753,0.0744853168725967,0.3374823927879333,0.6884422898292542,0.9528529644012452,1.0,0.407955527305603,0.1061754748225212
1816,0.0592737756669521,0.0605923272669315,0.0573995560407638,0.0686443895101547,0.1082530617713928,0.1404697299003601,0.4526315033435821,0.8226454854011535,1.0,0.9328817129135132,0.393306702375412,0.1074308007955551
1817,0.0929635167121887,0.058651402592659,0.0489674396812915,0.0403131172060966,0.0882506966590881,0.1364783644676208,0.3842230439186096,0.6977713704109192,0.9338303208351136,1.0,0.53569495677948,0.2329328060150146
1818,0.1894493401050568,0.2221397310495376,0.37810280919075,0.1020519211888313,0.1784041374921798,0.196953758597374,0.2459634989500045,0.3348520994186401,0.7175945043563843,1.0,0.4419960975646972,0.1819681078195572
1819,0.0407216995954513,0.0202287770807743,0.0825436264276504,0.0379993058741092,0.0696097165346145,0.0534668490290641,0.118401326239109,0.2627664506435394,0.6643646955490112,1.0,0.5495613217353821,0.2229838967323303
208,0.3952874541282654,0.1740728914737701,0.2267263829708099,0.7935888171195984,1.0,0.6333719491958617,0.3849724531173705,0.7313950061798095,0.4459299743175506,0.3026476204395294,0.6757076978683472,0.4428230226039886
209,0.383793979883194,0.3498845994472504,0.126046597957611,0.5550208687782288,0.690491795539856,0.5529745221138,0.3406084775924682,1.0,0.4032252728939056,0.2362807840108871,0.6268279552459717,0.3826931416988373
210,0.4907104372978209,0.2354305535554885,0.1361283361911773,0.9254596233367922,1.0,0.7785942554473877,0.5047219395637512,0.9670774936676024,0.3879779279232024,0.3009673058986664,0.932588279247284,0.5443457365036011
211,0.4417252540588378,0.2161130011081695,0.1308100521564483,0.9441452622413636,0.9540785551071168,0.7181065082550049,0.4265171587467193,1.0,0.3860509693622588,0.2703871130943298,0.8576532006263733,0.4942978322505951
212,0.4224027991294861,0.2038705348968505,0.1307117938995361,0.935098886489868,1.0,0.7404742240905762,0.4438729882240296,0.9881275892257688,0.3807882964611053,0.2763158679008484,0.8447983264923095,0.488865703344345
213,0.3932541310787201,0.1895925104618072,0.136700227856636,0.9444676637649536,1.0,0.7061391472816467,0.4173088073730469,0.9634163379669188,0.3587684333324432,0.2653917074203491,0.8493671417236328,0.4660537540912628
214,0.4054146707057953,0.2000136375427246,0.134764477610588,0.9760316610336304,1.0,0.7154386639595032,0.4175995588302612,0.9407048225402832,0.3605311512947082,0.2717527747154236,0.8547940850257874,0.4702067077159881
215,0.4124429821968079,0.2148053497076034,0.1762522906064987,1.0,0.9706668853759765,0.6951959133148192,0.4194808304309845,0.946103036403656,0.3687512576580048,0.2847186625003814,0.8808268308639526,0.4904929995536804
216,0.3944681882858276,0.3345806896686553,0.4011665880680084,0.9294373393058778,0.7854462862014769,0.5281574130058289,0.2823009490966797,0.623224139213562,0.6791499853134155,0.3176675736904144,1.0,0.5066924691200256
217,0.4894415438175201,0.3986223638057709,0.4381051063537597,0.7878028750419616,0.6239252686500549,0.4854916334152221,0.440741091966629,0.9196644425392152,1.0,0.306160420179367,0.3329118192195892,0.2585064768791199
218,0.4068843424320221,0.2417419701814651,0.2961559295654297,1.0,0.7490670084953309,0.5899333953857422,0.4701536893844605,0.9069914817810056,0.8603762984275818,0.3212944269180298,0.9858331084251404,0.3720023036003113
219,0.1908100843429565,0.1037171632051467,0.1929868459701538,1.0,0.4350497424602508,0.350664347410202,0.40982386469841,0.4462874829769135,0.4340964257717132,0.1404686868190765,0.2503514885902405,0.1439302563667297
220,0.133334070444107,0.1033587306737899,0.208906963467598,1.0,0.3465063571929932,0.375541627407074,0.5978938341140747,0.3839479982852936,0.4020209610462188,0.1406724601984024,0.3759377896785736,0.1486406177282333
221,0.1051367670297622,0.0894265100359916,0.2047029286623,1.0,0.3670836687088012,0.5329853296279907,0.8373367786407471,0.3409173786640167,0.3998681008815765,0.1245598420500755,0.2483221441507339,0.119543083012104
222,0.1023417934775352,0.053655058145523,0.1504161804914474,0.8764864802360535,0.2937526702880859,0.5480117797851562,1.0,0.2838070690631866,0.3851774036884308,0.1169333085417747,0.2289420515298843,0.1103426292538642
223,0.1005009561777114,0.0468632839620113,0.1026446670293808,0.5534002780914307,0.1923065036535263,0.5279175043106079,1.0,0.2417534291744232,0.3113206326961517,0.0935675948858261,0.1426561325788498,0.0850723683834075
224,0.1143232062458992,0.0513631515204906,0.0745620355010032,0.3207164406776428,0.1269000619649887,0.5151247382164001,1.0,0.2325613647699356,0.2318406999111175,0.0942619293928146,0.2677712440490722,0.137343481183052
225,0.1328536868095398,0.0741247087717056,0.1062289327383041,0.1906144469976425,0.102802574634552,0.5031577348709105,1.0,0.8070499897003175,0.3446080684661864,0.0834888741374015,0.1421638280153274,0.1065779998898506
226,0.2079354524612426,0.1140895411372184,0.1708895862102508,0.1735432744026184,0.1836990714073181,0.5403315424919128,1.0,0.9533184766769408,0.3625136911869049,0.1058468222618103,0.3762568533420562,0.2227332144975662
227,0.3027167916297912,0.1691465079784393,0.3793857395648956,0.4699720740318298,0.5083864331245422,0.5832153558731079,0.948725402355194,1.0,0.4762733280658721,0.107385441660881,0.1770684868097305,0.162384420633316
228,0.2836574614048004,0.1485866010189056,0.3651788234710693,0.5409197807312012,0.4386139214038849,0.4705935418605805,0.7638879418373109,1.0,0.4550561308860778,0.1024301350116729,0.24693164229393,0.1314973086118698
229,0.4722293615341186,0.3329026699066162,0.646399199962616,0.8776721358299254,0.9950832724571228,0.6540873646736145,0.9854221940040588,1.0,0.5289077162742615,0.1091543659567832,0.1810232698917389,0.1815758198499679
230,0.3944025635719299,0.2892668545246124,0.5609545707702637,0.7797796130180359,0.9282320737838744,0.6633066534996033,1.0,0.9639016985893248,0.4578391313552856,0.0935110375285148,0.2061248421669006,0.1866686344146728
231,0.3557452857494354,0.2329372018575668,0.4693868756294249,0.5522801876068115,0.7859026193618774,0.6389252543449402,1.0,0.6638733744621277,0.3127239346504211,0.068869948387146,0.1497967541217804,0.1751714944839477
232,0.2892445921897888,0.2341569662094116,0.4625826478004456,0.5645840764045715,0.7120537757873535,0.6400707960128784,1.0,0.8813226222991942,0.3086738884449004,0.0691824629902839,0.2169500291347504,0.1239515021443367
233,0.2301974147558212,0.2834617495536804,0.3136263191699981,1.0,0.4118013083934784,0.3833121061325072,0.3896603584289551,0.3943033218383789,0.1180246546864509,0.0520503558218479,0.2830522656440735,0.1298958957195282
234,0.3155156970024109,0.3995600044727325,0.3662787973880768,1.0,0.5228541493415833,0.5105588436126709,0.4547024965286255,0.4896085560321808,0.1536088436841964,0.0669201910495758,0.3690816164016724,0.1806374192237854
235,0.2428142875432968,0.3903825581073761,0.2591685354709624,1.0,0.2480991780757904,0.3889800608158112,0.2579756677150726,0.4704084098339081,0.1581213921308517,0.0740553066134452,0.3798444271087646,0.1711982935667038
236,0.1880940198898315,0.3313784301280975,0.2236991822719573,1.0,0.2274116873741149,0.3550113141536712,0.1669347137212753,0.2541104853153229,0.116476260125637,0.0735892578959465,0.3907228410243988,0.1434346735477447
237,0.1972653418779373,0.3881543278694153,0.2353210598230361,1.0,0.2388156950473785,0.3945873379707336,0.1535256057977676,0.1874743551015853,0.1036477461457252,0.0919195935130119,0.5127719640731812,0.1599353998899459
238,0.1647010594606399,0.3024198710918426,0.2238166034221649,1.0,0.2221270948648452,0.3498022258281708,0.1535001695156097,0.2113957405090332,0.0539984442293644,0.0853360146284103,0.5455147624015808,0.1590052396059036
239,0.1372807025909423,0.2763901054859161,0.20076884329319,1.0,0.2187228053808212,0.2693561613559723,0.1109087020158767,0.206052541732788,0.038790039718151,0.0666704699397087,0.4354289472103119,0.1204990893602371
240,0.1121570393443107,0.2111313641071319,0.1933443546295166,1.0,0.220859557390213,0.2319746315479278,0.0890509933233261,0.157342255115509,0.0316649973392486,0.0570447891950607,0.3681407570838928,0.1043130606412887
241,0.2516909837722778,0.3235635459423064,0.3398399353027344,1.0,0.4707313179969788,0.3226265311241149,0.2805217802524566,0.5684743523597717,0.1281928718090057,0.050952810794115,0.3302997350692749,0.1197224855422973
242,0.2497144490480422,0.2599090337753296,0.3688096404075623,1.0,0.5427215695381165,0.3340732753276825,0.3040364682674408,0.467902809381485,0.1084178835153579,0.0445459745824336,0.2546997964382172,0.1015617102384567
243,0.2977083027362823,0.3484314978122711,0.4054667949676513,1.0,0.6163181066513062,0.3577599823474884,0.3532603681087493,0.4866159856319427,0.1197036877274513,0.0498900525271892,0.286433845758438,0.1193907633423805
244,0.3768702447414398,0.3758372366428375,0.5092240571975708,1.0,0.7364800572395325,0.4415320754051208,0.4778249859809875,0.7685528993606566,0.1787910312414169,0.0609066896140575,0.3707915544509888,0.1771999895572662
245,0.4385352432727813,0.4599452316761017,0.5845918655395508,1.0,0.8478599786758423,0.5175310373306273,0.5741627216339111,0.7131075859069824,0.1699779629707336,0.0709083825349807,0.414639264345169,0.1929699927568436
246,0.4518431723117828,0.4460019767284393,0.6198009848594666,1.0,0.9455395936965942,0.5742331743240356,0.6852278709411621,0.9095073342323304,0.2193615138530731,0.0730579569935798,0.4420244097709656,0.1908955574035644
247,0.4957679212093352,0.4782766699790954,0.6523042917251587,0.8360049724578857,1.0,0.6240164637565613,0.7349710464477539,0.8847814798355103,0.2102465629577636,0.0693509057164192,0.3796165287494659,0.1853522509336471
248,0.4721741676330566,0.4317077696323394,0.6507558822631836,0.7310826182365417,1.0,0.612060546875,0.7244847416877745,0.8788382411003112,0.2082685828208923,0.0601607523858547,0.3050616681575775,0.172325849533081
249,0.1780610978603363,0.1632488071918487,0.354978859424591,1.0,0.5456506609916687,0.282678097486496,0.358906090259552,0.4146966338157654,0.2055872827768325,0.0564991310238838,0.1532206535339355,0.0666694492101669
250,0.2717146575450896,0.2039963454008102,0.4114168286323547,1.0,0.5593600273132324,0.2854181826114654,0.3806124627590179,0.4572197794914245,0.321573406457901,0.0866573676466941,0.2278432101011276,0.1211840733885765
251,0.2475702911615372,0.1829382479190826,0.4249831140041351,1.0,0.6028369069099425,0.3136761784553528,0.427962988615036,0.5879573225975037,0.377297043800354,0.087473377585411,0.1885378658771515,0.0869285762310028
252,0.2166916877031326,0.1755844801664352,0.4005597829818725,1.0,0.5829285979270935,0.3223620355129241,0.4485256373882293,0.482082724571228,0.3033008277416228,0.0861414521932601,0.2756605744361877,0.1023833006620407
253,0.1748857200145721,0.1234130933880806,0.3585577011108398,1.0,0.5318613648414612,0.3175346553325653,0.5146037936210632,0.493600457906723,0.3060767650604248,0.0725277066230773,0.1605710685253143,0.0733145251870155
254,0.1471036672592163,0.1126294136047363,0.3347373604774475,1.0,0.5369682312011719,0.3583616316318512,0.583223283290863,0.3933065831661224,0.2939945459365845,0.0696707591414451,0.1616204977035522,0.0714010298252105
255,0.1365399956703186,0.0837647020816802,0.3289121985435486,1.0,0.5174155235290527,0.3773520886898041,0.6345655918121338,0.3146693110466003,0.2745799124240875,0.064995028078556,0.1143727600574493,0.0538031198084354
256,0.1670700758695602,0.1015834957361221,0.3522427976131439,1.0,0.5150722265243529,0.4518860280513763,0.7800608873367308,0.4348695576190949,0.2927765846252441,0.0699429735541343,0.1415862739086151,0.0588120631873607
257,0.1798757910728454,0.1184801384806632,0.3869358003139496,1.0,0.5385615825653076,0.445397824048996,0.7620990872383117,0.378179371356964,0.2666527330875397,0.0814995691180229,0.180938959121704,0.0935532748699188
258,0.4125764667987824,0.2886941432952881,0.3984702229499817,1.0,0.6998348832130432,0.5629578232765198,0.6351915001869202,0.3126662075519562,0.2713789045810699,0.1339951157569885,0.321654349565506,0.3611779808998108
259,0.6710290312767029,0.4300565123558045,0.4211664795875549,0.8582190871238707,1.0,0.8003324270248413,0.7678317427635194,0.5148510336875916,0.3792058229446411,0.2023067474365234,0.4156399071216583,0.5924795866012573
260,0.4989322423934936,0.4044002890586853,0.3899484872817992,0.7331406474113464,1.0,0.8000435829162597,0.5657981038093567,0.509504497051239,0.435959666967392,0.2790251970291137,0.5606624484062195,0.6573758125305176
261,0.5030199885368347,0.5438765287399292,0.4041785597801208,0.9702743291854856,1.0,0.866796314716339,0.6620050668716431,0.3256334662437439,0.4439061284065247,0.3002728819847107,0.5942569375038146,0.7558448314666749
262,0.5584104657173157,0.5391198992729187,0.3028429746627808,1.0,0.7909541726112365,0.8216497898101807,0.5183988809585571,0.223040759563446,0.4057160317897796,0.2732724249362945,0.4993523061275481,0.6860952973365784
263,0.4768062829971313,0.4902031719684601,0.2921516299247741,1.0,0.6861923933029175,0.6829826235771179,0.3889131247997284,0.1854596138000488,0.3746622204780578,0.2580149173736572,0.5841342806816101,0.6159850358963013
264,0.4679299890995025,0.4705736637115479,0.2986342906951904,1.0,0.6881477236747742,0.6751599907875061,0.3618317246437073,0.1948163956403732,0.4169764816761017,0.2620331346988677,0.526070237159729,0.6004814505577089
265,0.4752532243728637,0.4197479486465454,0.2646672129631042,1.0,0.7151984572410583,0.6477944850921631,0.3486478924751282,0.2223830372095108,0.4293783307075501,0.2428199350833892,0.3548186123371124,0.5756679773330688
266,0.2455107271671295,0.1993026733398437,0.2703577876091003,1.0,0.47494176030159,0.2946820259094238,0.1446402817964553,0.1075258627533912,0.2780687808990478,0.1496304124593734,0.2987416088581084,0.2965058982372284
267,0.318722665309906,0.2626182734966278,0.3006599843502044,1.0,0.5464663505554199,0.4137184619903565,0.3115703761577606,0.4039022028446197,0.8406844139099121,0.3135336339473724,0.4264002442359924,0.3632567226886748
268,0.2867672145366668,0.1674634665250778,0.2465259283781052,1.0,0.5378361940383911,0.42253777384758,0.2988196909427643,0.3151741623878479,0.6792501211166382,0.2357392758131027,0.2822705507278442,0.3199640214443207
269,0.1788275390863418,0.1307421177625656,0.2109493017196655,1.0,0.4618165493011474,0.3431755006313324,0.3290114402770996,0.2204438745975494,0.5373843908309937,0.1942865699529648,0.2078721076250076,0.2161692678928375
270,0.1767639815807342,0.1089768782258033,0.198457658290863,1.0,0.4475345909595489,0.411848783493042,0.5266680717468262,0.1797835081815719,0.4515446722507477,0.168702870607376,0.2192397564649581,0.2132712602615356
271,0.207795724272728,0.1119775250554084,0.1811373531818389,1.0,0.5473054647445679,0.6307598948478699,0.892837107181549,0.2093189656734466,0.5257719159126282,0.1929683983325958,0.2105830907821655,0.2477833181619644
272,0.2487562745809555,0.1150693744421005,0.1570157706737518,0.7837309837341309,0.4882529377937317,0.7078844308853148,1.0,0.1956103295087814,0.5801084041595458,0.2083875834941864,0.2010588645935058,0.2789748609066009
273,0.1646665036678314,0.087517574429512,0.0969410240650177,0.42305588722229,0.3030248284339905,0.5847779512405396,1.0,0.1488480269908905,0.3408550918102264,0.1322529464960098,0.1901069283485412,0.2037903666496276
860,0.6749622225761414,0.6504697799682617,0.1194051802158355,0.698883056640625,0.7253400087356566,0.0812403708696365,0.0405088253319263,0.1740985214710235,0.8484399318695068,1.0,0.1658985763788223,0.1838617026805877
861,0.3845783174037933,0.1425111442804336,0.1288016438484192,1.0,0.6672995686531067,0.0795048475265502,0.0889446139335632,0.1717582792043686,0.4717956781387328,0.2248881310224532,0.0631212368607521,0.1248314306139946
862,0.2898697257041931,0.0845600888133049,0.1613278537988662,0.6988275051116943,0.4014203548431397,0.101615697145462,0.2022315859794616,0.5031725764274597,1.0,0.6624919176101685,0.2206998020410537,0.1780585795640945
863,0.1804616302251816,0.0303167775273323,0.0569924004375934,0.2550162971019745,0.1097707003355026,0.0361175127327442,0.0897714868187904,0.4384878277778625,1.0,0.4869453310966492,0.0829186290502548,0.0887999162077903
864,0.0656441897153854,0.0148165915161371,0.0131929479539394,0.0829503610730171,0.0529773235321044,0.0220142155885696,0.0616959258913993,0.4003094732761383,1.0,0.4753544330596924,0.0594942420721054,0.0458176881074905
865,0.1117936000227928,0.0282059721648693,0.0497058928012847,0.1593952775001526,0.0847740471363067,0.0297753605991601,0.0743018016219139,0.4189910888671875,1.0,0.4624877572059631,0.0749828964471817,0.0586801543831825
866,0.3555426597595215,0.0868141129612922,0.144704207777977,0.2962467670440674,0.0935935676097869,0.0440283678472042,0.0919635370373725,0.4343065619468689,1.0,0.479484498500824,0.1000857204198837,0.1372027397155761
867,0.2737033367156982,0.0527331158518791,0.1946375072002411,0.6775643229484558,0.2812013030052185,0.0466427132487297,0.0796432569622993,0.3657081127166748,1.0,0.5861243605613708,0.0968845784664153,0.1098314300179481
868,0.4334881007671356,0.0936770886182784,0.1240964159369468,0.4499158859252929,0.170484721660614,0.0495077595114708,0.0902231112122535,0.3161447048187256,1.0,0.752534031867981,0.142677366733551,0.1429137736558914
869,0.3152732253074645,0.0702348798513412,0.0717232301831245,0.2657337784767151,0.1268656551837921,0.04569798335433,0.0807922184467315,0.3035673797130584,1.0,0.7271799445152282,0.145962655544281,0.155503511428833
870,0.2935447990894317,0.0537819936871528,0.128915473818779,0.3619175851345062,0.0999669879674911,0.0281644333153963,0.0684840902686119,0.4172699451446532,1.0,0.4594114124774933,0.0801184996962547,0.1064550578594207
871,0.2733723521232605,0.0743985101580619,0.3239540159702301,0.8811365962028502,0.1787186414003372,0.0530975908041,0.1079182103276252,0.4818800985813141,1.0,0.3733951151371001,0.103767417371273,0.1779607236385345
872,0.1510635763406753,0.0321253202855587,0.0944007560610771,0.4105071127414703,0.1484554409980774,0.0452938750386238,0.0912041366100311,0.3974622786045073,1.0,0.3644673526287079,0.0745782703161239,0.1059060990810394
873,0.1830159276723861,0.0481470227241516,0.0662817358970642,0.2789826989173888,0.0823130756616592,0.0542516522109508,0.1080674231052398,0.3536397814750671,1.0,0.4667344689369201,0.0821525976061821,0.0763657391071319
874,0.1705786436796188,0.0654646456241607,0.0603554658591747,0.1794231981039047,0.0600604452192783,0.0629854798316955,0.1236618012189865,0.384768545627594,1.0,0.4822782874107361,0.1031616851687431,0.0753725096583366
875,0.1093290150165557,0.0495399460196495,0.3274532854557037,1.0,0.2354918271303177,0.1192435920238494,0.2084109932184219,0.3453876376152038,0.869022786617279,0.555458664894104,0.186814934015274,0.1084922552108764
876,0.2240412235260009,0.0806498825550079,0.1877608895301818,0.4747885763645172,0.1696541607379913,0.1752114444971084,0.3217783570289612,0.6183071732521057,1.0,0.4695520401000976,0.2372072786092758,0.163651704788208
877,1.0,0.2114592790603637,0.0716075152158737,0.1913414448499679,0.2104868590831756,0.1397740095853805,0.2543281614780426,0.7407153248786926,0.807171106338501,0.44448721408844,0.2166988849639892,0.2744821012020111
878,1.0,0.227706640958786,0.0653312876820564,0.1603507846593856,0.2251352667808532,0.1171373724937438,0.2059094458818436,0.5229476690292358,0.3607683181762695,0.2511378228664398,0.2095632553100585,0.2324340045452117
879,1.0,0.274543970823288,0.1104014962911605,0.164836898446083,0.2271703779697418,0.1499977707862854,0.2515245079994201,0.5707920789718628,0.3442196249961853,0.3004741072654724,0.3912013471126556,0.2734723389148712
880,1.0,0.34471395611763,0.2680113315582275,0.439326137304306,0.3569044172763824,0.2432992160320281,0.400592565536499,0.903585970401764,0.5892649292945862,0.5993513464927673,0.9458405375480652,0.3853096365928649
881,1.0,0.3626765012741089,0.2219146490097045,0.2363289147615432,0.2721208035945892,0.2361773699522018,0.395255982875824,0.7811934351921082,0.5592994689941406,0.5999179482460022,0.9602534770965576,0.4058798551559448
882,1.0,0.3640753328800201,0.2093856036663055,0.1847682297229766,0.3229791224002838,0.2866156995296478,0.4564233422279357,0.7220296859741211,0.5274755358695984,0.5525375604629517,0.8223119378089904,0.4293932318687439
883,1.0,0.3725459575653076,0.2509787082672119,0.3041612505912781,0.3955844938755035,0.3352076113224029,0.5528246164321899,0.899962544441223,0.5955955386161804,0.5295031070709229,0.6709392070770264,0.4158746302127838
884,1.0,0.3622705340385437,0.2090974897146224,0.4746861159801483,0.3422567248344421,0.2750374972820281,0.3879313468933105,0.7937531471252441,0.4809143841266632,0.4294435381889343,0.7699642181396483,0.4441873431205749
885,0.4582360386848449,0.2033851146697998,0.1916738152503967,0.6209338903427124,0.2251835763454436,0.2294376641511916,0.2293017506599426,0.4972796440124512,0.226129800081253,0.2392378747463226,1.0,0.3471853137016296
886,0.2969180643558502,0.1515115350484848,0.1619230210781097,0.6730926036834717,0.2179952412843704,0.1702060401439666,0.1914658993482589,0.5020942091941833,0.2032403945922851,0.2227110564708709,1.0,0.2912896573543548
887,0.3146295547485351,0.1711824238300323,0.1348912864923477,0.6722069978713989,0.1824127584695816,0.1237600445747375,0.130231961607933,0.3821746408939361,0.1829595267772674,0.2202868014574051,1.0,0.3065972030162811
888,0.2972979843616485,0.1497993320226669,0.1140095144510269,0.5716604590415955,0.1393433809280395,0.1973577290773392,0.1263147890567779,0.3369498252868652,0.1500342935323715,0.2055941522121429,1.0,0.2877663671970367
889,0.3103721141815185,0.1532554477453231,0.132498949766159,0.7345904111862183,0.1938029527664184,0.2311558127403259,0.1460829973220825,0.3899069726467132,0.1824165433645248,0.2180752158164978,1.0,0.3019411861896515
890,0.3230641186237335,0.1442713588476181,0.144702672958374,0.797454595565796,0.197058543562889,0.1542118042707443,0.1307728737592697,0.311754822731018,0.1915971487760544,0.2464969605207443,1.0,0.3161595165729522
891,0.0758639350533485,0.059940006583929,0.11690304428339,0.5944049954414368,0.1534006595611572,0.167713463306427,0.1041607931256294,0.1790788024663925,0.1493260860443115,0.2346746325492859,1.0,0.2415240854024887
892,0.0819309949874877,0.059815913438797,0.0858169123530387,0.3837676644325256,0.1191369965672492,0.1983893662691116,0.1151827946305274,0.1829065531492232,0.1483368426561355,0.2299159616231918,1.0,0.2472871392965316
893,1.0,0.2640053927898407,0.1258682906627655,0.4491367638111114,0.257477968931198,0.2351823300123214,0.2289148271083832,0.4234991669654846,0.2531937956809997,0.2492834776639938,0.7295883297920227,0.3460640609264374
894,1.0,0.2199896126985549,0.1173315867781639,0.3394891023635864,0.2143504917621612,0.1033636108040809,0.1272738426923751,0.2892150580883026,0.1268636733293533,0.1173584833741188,0.304809957742691,0.2234293222427368
895,1.0,0.239242285490036,0.189257487654686,0.5482099056243896,0.2887587249279022,0.1963833421468734,0.2313956916332245,0.5734946727752686,0.2265192717313766,0.187815561890602,0.4474655091762543,0.276626855134964
896,0.5597042441368103,0.1687148362398147,0.1671997904777526,0.3967840373516082,0.1933801025152206,0.168165311217308,0.2721500098705292,1.0,0.2987176775932312,0.1794680804014206,0.4307575821876525,0.1814638972282409
897,0.4451798498630524,0.1313118040561676,0.1498420387506484,0.2942385077476501,0.1612168997526168,0.1164850518107414,0.2437496781349182,1.0,0.2684655487537384,0.144842192530632,0.2636013627052307,0.1255402266979217
898,0.6328915953636169,0.1623297184705734,0.1570232659578323,0.3912604749202728,0.2250910699367523,0.1228758171200752,0.2346603870391845,1.0,0.2729768753051758,0.1200402826070785,0.2214291095733642,0.1525720953941345
899,0.6587945222854614,0.1631813496351242,0.1772702485322952,0.468302309513092,0.2733504176139831,0.1380941420793533,0.2449287176132202,1.0,0.2477688044309616,0.0935911610722541,0.1738403886556625,0.1632331311702728
900,0.9327038526535032,0.1951584368944168,0.1926306784152985,0.62428081035614,0.2779576778411864,0.1226732283830642,0.2447401136159896,1.0,0.2077593356370925,0.0233059041202068,0.067538097500801,0.1600547134876251
901,0.7670854926109315,0.1416200548410415,0.2390360534191131,1.0,0.2246133387088776,0.0668996274471283,0.13752381503582,0.5167292356491089,0.4025324285030365,0.062051773071289,0.0363162234425544,0.1211169883608818
902,0.688152253627777,0.1124095022678375,0.1946670413017272,1.0,0.2227978855371475,0.0397512651979923,0.0869520306587219,0.3799483478069305,0.615850031375885,0.0932130143046379,0.0714472457766532,0.1243894174695014
903,0.4840838909149169,0.1022737622261047,0.1999334096908569,1.0,0.2263089567422866,0.0589423365890979,0.1408126354217529,0.6009843349456787,0.6535063982009888,0.091031476855278,0.0373577065765857,0.0711628794670105
904,1.0,0.1798779964447021,0.175776332616806,0.8397930264472961,0.2217792868614196,0.0835466086864471,0.2028300613164901,0.7625748515129089,0.6562210321426392,0.0845648199319839,0.0190202519297599,0.1481845825910568
905,0.9771236181259156,0.187359258532524,0.2241589426994324,1.0,0.2631072700023651,0.1095529869198799,0.2670251727104187,0.9422313570976256,0.7928335666656494,0.1023539900779724,0.0269618090242147,0.1411319375038146
906,1.0,0.1757348179817199,0.1748368889093399,0.7263199090957642,0.20028617978096,0.1087460815906524,0.2743301689624786,0.8190926909446716,0.6054491400718689,0.0801965221762657,0.0487096421420574,0.1499347239732742
907,1.0,0.1763857901096344,0.1369941085577011,0.528247058391571,0.1575450301170349,0.1104860827326774,0.2554090917110443,0.610980212688446,0.4477317035198212,0.0636197179555893,0.0469571314752101,0.1500939577817917
908,1.0,0.1842110157012939,0.1349723190069198,0.5550497770309448,0.1537363529205322,0.1086949184536933,0.2409274131059646,0.3679677248001098,0.2381260991096496,0.0397917404770851,0.0538273714482784,0.1454705446958542
909,0.6349962949752808,0.1205728277564048,0.2239911258220673,1.0,0.188509926199913,0.0729168877005577,0.1754876673221588,0.3938532471656799,0.1261371076107025,0.0242204871028661,0.0588636323809623,0.1126928105950355
910,0.174037680029869,0.0639991015195846,0.1474316269159317,1.0,0.2684105932712555,0.0453270077705383,0.0827976837754249,0.2261198759078979,0.0792916193604469,0.0334487296640872,0.0956771224737167,0.0691499933600425
911,0.2607471346855163,0.121616207063198,0.150294229388237,1.0,0.3085772693157196,0.0792648717761039,0.1079256534576416,0.1910560280084609,0.1618948429822921,0.1417665481567382,0.3172817230224609,0.159153327345848
912,0.2752427458763122,0.1783549040555954,0.1640724241733551,1.0,0.3151948153972626,0.0872719809412956,0.0991867184638976,0.2098051756620407,0.1986483633518218,0.2063055783510208,0.6951474547386169,0.2570326924324036
913,0.7591440677642822,0.3196952044963836,0.1970430463552474,1.0,0.3326413333415984,0.1632422059774398,0.2034225910902023,0.3712532520294189,0.3743426203727721,0.3359557390213012,0.9976220726966858,0.4185353815555573
914,0.5970454216003418,0.3007194995880127,0.1970017552375793,1.0,0.377985030412674,0.1947550773620605,0.2216661274433136,0.4013247489929199,0.6239760518074036,0.4591940641403198,0.6402993202209473,0.3255372643470764
915,0.6170729398727417,0.2513822019100188,0.228662222623825,1.0,0.3636775016784668,0.2245290130376816,0.1970781534910202,0.2826288342475891,0.4822399020195007,0.4389137923717498,0.8648080825805664,0.405865341424942
916,0.4076670408248901,0.2104790806770324,0.2172874808311462,0.9585241675376892,0.3114251494407654,0.1881164759397506,0.1227361038327217,0.127981498837471,0.1964513808488845,0.2266176491975784,1.0,0.4222052991390228
917,0.1686694324016571,0.050037682056427,0.1842973977327346,1.0,0.2045133709907532,0.0367447175085544,0.0447351932525634,0.1233492568135261,0.3643480837345123,0.0865661725401878,0.1976702660322189,0.0866871103644371
918,0.1024039164185524,0.0189306512475013,0.0981597229838371,0.6069472432136536,0.1275600045919418,0.0107193468138575,0.0796720534563064,0.5191668272018433,1.0,0.2499793171882629,0.0540499538183212,0.0670982673764228
919,0.090065985918045,0.0125590777024626,0.0517677068710327,0.2945940792560577,0.0629848018288612,0.0141569012776017,0.0342318825423717,0.2927479445934296,1.0,0.5212293267250061,0.0476276725530624,0.0591375902295112
920,0.1588020175695419,0.0282174721360206,0.0219692420214414,0.0795266702771186,0.0222020056098699,0.0074640111997723,0.0684792399406433,0.5104658007621765,1.0,0.3703011572360992,0.0426014773547649,0.0998992472887039
921,0.2966884672641754,0.0973790809512138,0.0547989904880523,0.1110924705862998,0.0543618984520435,0.0559366755187511,0.1536235213279724,0.5764809250831604,1.0,0.3034270107746124,0.0797161012887954,0.1294611394405364
922,0.1608341336250305,0.0755061879754066,0.0515490695834159,0.2139933854341506,0.1208759024739265,0.1119683310389518,0.1528214961290359,0.432564914226532,1.0,0.4053075015544891,0.0875563845038414,0.053662285208702
923,0.1907069385051727,0.2096354961395264,0.1856172084808349,0.4402426481246948,0.4853047430515289,0.3997771143913269,0.5449441075325012,0.3265098631381988,0.6090525984764099,1.0,0.2370041757822036,0.1189827919006347
924,0.217282235622406,0.2033897787332534,0.1513352692127227,0.4818291068077088,0.5348376035690308,0.2818388938903808,0.381157785654068,0.2697946429252624,0.7677985429763795,1.0,0.2641990184783935,0.1565898656845092
1506,0.7683943510055542,0.1408922225236892,0.0483374819159507,0.5628617405891417,0.9404461979866028,0.1600264310836792,0.1460488438606262,0.406391829252243,1.0,0.6458802223205566,0.1740711480379104,0.3570445477962493
1507,0.518219530582428,0.0726942270994186,0.0788479819893837,0.5935245752334595,0.5141368508338928,0.0677042230963707,0.0818525627255439,0.2892494201660156,1.0,0.3666033744812012,0.0951565951108932,0.2431462854146957
1508,0.5393710136413574,0.1467387825250625,0.6055144667625427,0.6349315047264099,0.2218325287103652,0.0723100081086158,0.147893488407135,0.4592264592647552,1.0,0.4876897037029266,0.2379198372364044,0.2988018691539764
1509,0.5477879047393799,0.1213116198778152,0.3489902913570404,0.5434690117836,0.1313078999519348,0.0549990497529506,0.1160381883382797,0.3701213896274567,1.0,0.3846026957035064,0.2482399195432662,0.2682902812957764
1510,0.5885277390480042,0.107787050306797,0.2327214628458023,0.8640643358230592,0.3109301924705505,0.0879224315285682,0.1742134988307953,0.5126141309738159,1.0,0.5210550427436829,0.269813060760498,0.2866362035274505
1511,0.7365855574607849,0.1122089624404907,0.0907907783985138,0.2052904665470123,0.0606071352958679,0.0405119135975837,0.0997412726283073,0.412769079208374,1.0,0.5328614711761475,0.133379191160202,0.2430993765592575
1512,0.3251218497753144,0.1395580619573593,0.2569462954998016,0.390068918466568,0.1475394070148468,0.0484435632824897,0.1158476844429969,0.5628499388694763,1.0,0.4389742016792297,0.132024273276329,0.1047628298401832
1513,1.0,0.2697879672050476,0.1965761184692382,0.2567340731620788,0.1121833622455596,0.0688178911805152,0.1557362079620361,0.6193376779556273,0.946784734725952,0.4940324425697327,0.1820677518844604,0.2819710075855255
1514,0.9495647549629213,0.25058913230896,0.2437607198953628,1.0,0.4917682409286499,0.1167982071638107,0.1756051480770111,0.3713711500167847,0.5922793745994568,0.3674474954605103,0.2514946460723877,0.3921015858650208
1515,0.5025196671485901,0.220908761024475,0.2189592868089676,0.4742232263088226,0.2107919752597808,0.0919970870018005,0.1778156906366348,0.5853270292282104,1.0,0.4378158748149872,0.2367050498723984,0.2162859439849853
1516,0.1426130980253219,0.0788096487522125,0.18737955391407,0.4343859255313873,0.2368543595075607,0.0993265211582183,0.2649314105510712,0.8775310516357421,1.0,0.346624195575714,0.1936884820461273,0.1313073635101318
1517,0.1772621124982834,0.077887549996376,0.1829936057329177,0.5246069431304932,0.1862688511610031,0.1160564795136451,0.2314514964818954,0.6243181228637695,1.0,0.5440630912780762,0.2653278410434723,0.1317847222089767
1518,0.2646769881248474,0.135099321603775,0.5803767442703247,1.0,0.531000554561615,0.2551861107349396,0.3656466305255889,0.532962441444397,0.8972504734992981,0.8439342379570006,0.4754325449466705,0.261049747467041
1519,0.1643615216016769,0.0989041477441787,0.2623111903667449,0.91420179605484,0.4103941321372986,0.1874401420354843,0.2916900217533111,0.5270300507545471,1.0,0.7055327892303467,0.3325698375701904,0.1795835345983505
1520,0.1543776988983154,0.1451206356287002,0.7072476744651793,1.0,0.3047749102115631,0.1776183098554611,0.297403335571289,0.3914989829063416,0.5714349150657654,0.4357896745204925,0.3054939210414886,0.1830044090747832
1521,1.0,0.3087148666381836,0.5335707664489746,0.9685037732124328,0.3557409644126892,0.2772386372089385,0.4253948926925659,0.6260596513748169,0.7565145492553712,0.6219431757926941,0.4538388848304748,0.3772155940532684
1522,1.0,0.2277087122201919,0.2373824417591094,0.330085277557373,0.1251755952835083,0.0663383156061172,0.1019088849425315,0.1746240556240081,0.1771122515201568,0.1364721059799194,0.0986873805522918,0.1767274290323257
1523,1.0,0.2274428158998489,0.040871363133192,0.0797121673822402,0.0716239959001541,0.0553489960730075,0.0899990871548652,0.1609342545270919,0.1373698264360427,0.1148946955800056,0.0884461551904678,0.1594761312007904
1524,1.0,0.2178149372339249,0.0928143560886383,0.103983849287033,0.0748317465186119,0.0681927800178527,0.1075940132141113,0.2034393846988677,0.1608525365591049,0.1279888302087783,0.0934299081563949,0.1716315150260925
1525,1.0,0.2260220646858215,0.0816981419920921,0.0744658559560775,0.0841967687010765,0.0734270587563514,0.1258226782083511,0.3007518649101257,0.2102440446615219,0.1455923169851303,0.1090426445007324,0.1793201863765716
1526,1.0,0.2296892553567886,0.057069607079029,0.0672797560691833,0.0902118161320686,0.0807313248515129,0.1363535672426223,0.2746101021766662,0.2032696455717086,0.1452615112066269,0.103848896920681,0.1711396127939224
1527,1.0,0.2395618706941605,0.1466739922761917,0.1158230006694793,0.1407643556594848,0.1232140287756919,0.1964473575353622,0.3524603545665741,0.2748292088508605,0.2037605345249176,0.1409905552864074,0.1977375447750091
1528,1.0,0.248076930642128,0.1546823382377624,0.1567437946796417,0.1773329824209213,0.1585144847631454,0.2762968838214874,0.6100375056266785,0.370750904083252,0.261076956987381,0.1989355385303497,0.231960117816925
1529,1.0,0.2955302596092224,0.2349524348974228,0.7355374693870544,0.2839366495609283,0.2219969183206558,0.3405121266841888,0.973643898963928,0.4050489962100983,0.2957141399383545,0.5342549085617065,0.3284085094928741
1530,0.2819057106971741,0.0966137051582336,0.2156270593404769,1.0,0.2762790322303772,0.1413083225488662,0.146792858839035,0.3669060766696929,0.178353726863861,0.1645610332489013,0.5145482420921326,0.1784578561782837
1531,0.166373461484909,0.0650852024555206,0.1673626899719238,1.0,0.2521491050720215,0.1387589275836944,0.1113746613264083,0.3352576196193695,0.1544365733861923,0.1519270688295364,0.5734245181083679,0.1654784679412841
1532,0.1375546157360077,0.0752607062458992,0.1645747423171997,1.0,0.2468075454235077,0.1221869736909866,0.1171138063073158,0.3752067387104034,0.1760986000299453,0.1817386895418167,0.6932117342948914,0.1874618083238601
1533,0.1440732926130294,0.1099680811166763,0.1855363845825195,1.0,0.2279547154903412,0.1235669404268264,0.1191456243395805,0.3501679897308349,0.16446153819561,0.1950777173042297,0.7771627902984619,0.2016408890485763
1534,0.1932466626167297,0.1146814450621604,0.1647055000066757,0.9590178132057188,0.2596771419048309,0.225298210978508,0.1491805762052536,0.3629049956798553,0.1954608261585235,0.2400210201740265,1.0,0.271501213312149
1535,0.1386652886867523,0.1304267793893814,0.1664030253887176,0.8825095295906067,0.2419975697994232,0.1889019459486008,0.1555900871753692,0.3352188169956207,0.2183554172515869,0.2825509309768677,1.0,0.2631031572818756
1536,0.1111277937889099,0.0889409929513931,0.1706361919641494,0.8419323563575744,0.2347055673599243,0.1407338827848434,0.1814535558223724,0.4716846942901611,0.2510827183723449,0.3057636320590973,1.0,0.2716317176818848
1537,0.3772201240062713,0.1857476085424423,0.1932808011770248,0.7830575108528137,0.3282600939273834,0.2183382511138916,0.2517018914222717,0.6185484528541565,0.3256023526191711,0.3138139247894287,1.0,0.3250977098941803
1538,1.0,0.2541562020778656,0.1027361154556274,0.38385871052742,0.1840265244245529,0.1508799046278,0.2122729122638702,0.6721277832984924,0.2605169117450714,0.1797164380550384,0.5285680294036865,0.2868526577949524
1539,1.0,0.3187730014324188,0.176094651222229,0.427359789609909,0.2261271774768829,0.1675899028778076,0.2120749056339264,0.5566433072090149,0.2435887902975082,0.1756166815757751,0.3265115320682525,0.2449334859848022
1540,1.0,0.3313974440097809,0.1912095695734024,0.5045420527458191,0.2473576813936233,0.1639158129692077,0.226039320230484,0.6255496740341187,0.2716214060783386,0.197349190711975,0.3337356448173523,0.2661384046077728
1541,1.0,0.318572998046875,0.1789399534463882,0.5740520358085632,0.2732794284820556,0.1779860854148864,0.2664982974529266,0.7830435633659362,0.3144480586051941,0.2043146342039108,0.3186059892177582,0.2763835787773132
1542,1.0,0.3348772227764129,0.2227723747491836,0.6626041531562805,0.3507105708122253,0.2215387523174285,0.2804998159408569,0.7385243773460387,0.338043063879013,0.2160602360963821,0.21560800075531,0.2687971889972687
1543,1.0,0.3235802054405212,0.3359025716781616,0.862390100955963,0.3937817513942719,0.2084219008684158,0.2651895880699157,0.6599375605583191,0.3110171556472778,0.2211908102035522,0.2523291110992432,0.2858495712280273
1544,0.9952259063720704,0.3249756991863251,0.291233330965042,1.0,0.4216400682926177,0.1845798045396804,0.2694187760353088,0.7658207416534423,0.3585154712200165,0.2325702011585235,0.2913957834243774,0.2933160662651062
1545,0.324341744184494,0.1124608740210533,0.2243213951587676,1.0,0.2621687352657318,0.0767353326082229,0.1201027259230613,0.3391049206256866,0.2227572947740554,0.1098575294017791,0.1096933707594871,0.1155850291252136
1546,0.7884867191314697,0.145522192120552,0.2223848700523376,1.0,0.2156266868114471,0.0460008606314659,0.0747937113046646,0.2855368852615356,0.5988953709602356,0.1298910975456237,0.0856096148490905,0.2013489007949828
1547,0.4898748993873596,0.104591853916645,0.2153716832399368,0.900093674659729,0.2075372487306594,0.0484244786202907,0.0827332511544227,0.3846485912799835,1.0,0.1766668111085891,0.0917125940322876,0.1474545896053314
1548,0.8642617464065551,0.1995352953672408,0.1286959946155548,0.451613575220108,0.1667290478944778,0.0704030692577362,0.1259841173887252,0.4421901702880859,1.0,0.198913887143135,0.0660933479666709,0.1838073432445526
1549,0.6596599817276001,0.1753612905740738,0.1062065362930297,0.2994104325771332,0.1258419752120971,0.077503316104412,0.1327289789915084,0.4042066931724548,1.0,0.1963720321655273,0.0664657950401306,0.1508122235536575
1550,0.7214370369911194,0.2018559277057648,0.1174218878149986,0.3000766336917876,0.11274453997612,0.0926694422960281,0.1598977297544479,0.3812711834907532,1.0,0.2003235667943954,0.1185374408960342,0.1529852300882339
1551,0.9618601202964784,0.2266617864370346,0.0931268855929374,0.3697551786899567,0.0880463942885398,0.094008669257164,0.1998981982469558,0.5310412049293518,1.0,0.2109675109386444,0.0592065975069999,0.1959493160247802
1552,1.0,0.2707010209560394,0.1864223629236221,0.662970781326294,0.1381526291370391,0.1288619339466094,0.2673605978488922,0.5370545983314513,0.9694533944129946,0.240155667066574,0.198459506034851,0.2633349299430847
1553,0.1813850700855255,0.0675842389464378,0.060950368642807,0.3012069165706634,0.1007223427295684,0.0320230536162853,0.158990740776062,1.0,0.30722376704216,0.0829594805836677,0.6132763028144836,0.2092889547348022
1554,0.0846347659826278,0.0826848298311233,0.0648425072431564,0.3488414883613586,0.1469641923904418,0.0462742298841476,0.1874932646751404,1.0,0.261643886566162,0.1182074695825576,0.7587374448776245,0.2961586713790893
1555,0.2017702162265777,0.1051598265767097,0.1043040007352828,0.4191751182079315,0.1938207596540451,0.1108573526144027,0.2507240176200866,1.0,0.4467943608760834,0.3369880616664886,0.9338290095329284,0.3774097859859466
1556,0.1393737196922302,0.1104841604828834,0.0598081387579441,0.1754448562860489,0.0893418937921524,0.0576149746775627,0.2079136818647385,1.0,0.399209588766098,0.2501377463340759,0.5799097418785095,0.2254370599985122
1557,0.1692586839199066,0.1218964457511901,0.0544547587633132,0.1474053561687469,0.0887907296419143,0.0688220039010047,0.2161716967821121,1.0,0.3557107448577881,0.2299772799015045,0.6343549489974976,0.2551104426383972
1558,0.162408173084259,0.114339493215084,0.0557257644832134,0.1948113590478896,0.1028647646307945,0.0674266666173935,0.2051578760147094,1.0,0.3091239333152771,0.1855341345071793,0.5361363291740417,0.2346620559692382
1559,0.1528792232275009,0.1469317972660064,0.0644696652889251,0.2176199853420257,0.0873332172632217,0.0488058142364025,0.1726545691490173,1.0,0.1942093670368194,0.0936345756053924,0.763253390789032,0.2605677545070648
1560,0.1604179590940475,0.2042202204465866,0.0605934523046016,0.1814290434122085,0.1017892584204673,0.0405519418418407,0.1520408391952514,1.0,0.242584764957428,0.0965926647186279,0.8624880313873291,0.2834655940532684
1561,0.4548119604587554,0.112808771431446,0.109226256608963,0.5157902240753174,0.1323640942573547,0.0271197743713855,0.0858830213546752,0.6607055068016052,1.0,0.3679644167423248,0.5024018883705139,0.2370895445346832
1562,0.1521257907152176,0.0489345006644725,0.0245313998311758,0.1305446922779083,0.0357425548136234,0.0128785874694585,0.0255690421909093,0.3375985324382781,1.0,0.6387914419174193,0.1486902981996536,0.1066020503640174
1563,0.0348174571990966,0.0124363806098699,0.0109288925305008,0.0455595217645168,0.0158777721226215,0.0118052149191498,0.0289292186498642,0.3197647631168365,1.0,0.5473774075508118,0.0398200191557407,0.01653335057199
1564,0.027353823184967,0.0089644910767674,0.0092569906264543,0.0261451993137598,0.0169344190508127,0.0319789573550224,0.0510659329593181,0.2662771344184875,1.0,0.6010892391204834,0.0569666028022766,0.0216532461345195
1565,0.0414352677762508,0.0234908573329448,0.013453297317028,0.0502846464514732,0.028047040104866,0.0249028801918029,0.0432238914072513,0.3456482887268066,1.0,0.5187539458274841,0.0542662404477596,0.025404492393136
1566,0.1020535677671432,0.0886147022247314,0.0637144371867179,0.2092517167329788,0.2306120693683624,0.1232135891914367,0.2742940485477447,0.6674649119377136,1.0,0.5692265629768372,0.1341493725776672,0.1017460152506828
1567,0.175416812300682,0.2004642784595489,0.3238416612148285,0.5339405536651611,0.8345731496810913,0.40132737159729,0.4547727108001709,0.3076342940330505,1.0,0.5647416710853577,0.2354554086923599,0.361047863960266
2084,0.0446066819131374,0.0642301514744758,0.03294438123703,0.0196614991873502,0.0512889139354229,0.2383761405944824,0.8117937445640565,1.0,0.9049424529075624,0.4860185980796813,0.1345615983009338,0.0896123349666595
2085,0.3486537337303161,0.2333579957485198,0.0691740959882736,0.0943095460534095,0.1624519824981689,0.4209453761577606,0.9529597759246824,0.7597252726554871,1.0,0.4450799524784088,0.1310078352689743,0.1522953510284423
2086,0.2612268924713135,0.0941993445158004,0.0502802729606628,0.2127978652715682,0.1693561822175979,0.436846137046814,1.0,0.6447702050209044,0.700113832950592,0.3591166734695434,0.131927028298378,0.121504858136177
2087,0.1998405754566193,0.0791555345058441,0.0255467034876346,0.0840999335050582,0.0802167803049087,0.3512018024921416,1.0,0.5311936140060425,0.4817586839199065,0.3737570643424988,0.1286002248525619,0.0832704380154609
2088,0.1634841859340667,0.0660550892353057,0.0137970875948667,0.0499114170670509,0.0737355351448059,0.40101620554924,1.0,0.5566322803497313,0.8528350591659546,0.5158286094665527,0.1141428425908088,0.0649799183011055
2089,0.0807751566171646,0.0223918184638023,0.0064282757230103,0.0343525968492031,0.0502045080065727,0.2539644539356232,0.5618075728416443,0.425894558429718,1.0,0.5175612568855286,0.0942518413066864,0.0510795041918754
2090,0.0524758622050285,0.0119647895917296,0.0026153044309467,0.0096162157133221,0.0212513208389282,0.1271535605192184,0.3174351155757904,0.3846204578876495,1.0,0.4063338935375213,0.0573948472738266,0.0396693535149097
2091,0.0878118276596069,0.0177436452358961,0.0125202983617782,0.0631217584013938,0.0431438833475112,0.2002148777246475,0.4943384528160095,0.4326243698596954,1.0,0.4881552457809448,0.0668155997991561,0.0503846630454063
2092,0.0728002861142158,0.0279043186455965,0.0088536776602268,0.0229907780885696,0.0325358137488365,0.131559669971466,0.3083398938179016,0.5197954773902893,1.0,0.4219894707202911,0.0469468384981155,0.0330004058778286
2093,0.0645165964961052,0.0324240140616893,0.0069511425681412,0.02424400113523,0.0304540377110242,0.0827515199780464,0.2633483111858368,0.6174201965332031,1.0,0.223755806684494,0.0287102051079273,0.0197271034121513
2094,0.054863229393959,0.04711539670825,0.0160068199038505,0.0389057286083698,0.0220009200274944,0.1912675201892852,0.7747387886047363,0.4904012978076935,1.0,0.3111389875411988,0.0373027324676513,0.0275989100337028
2095,0.1040893122553825,0.1055528447031974,0.0283670760691165,0.0180493984371423,0.0261106640100479,0.2435571700334548,1.0,0.5944771766662598,0.7989419698715211,0.3203243017196655,0.0318417213857173,0.0556955896317958
2096,0.0552352294325828,0.0922252610325813,0.0336259007453918,0.0950718969106674,0.061373371630907,0.2954722940921783,1.0,0.4682781398296356,0.5712506175041199,0.21745365858078,0.0262050572782754,0.0193763077259063
2097,0.1018543317914009,0.131093218922615,0.0269886907190084,0.0235621742904186,0.0397511608898639,0.2640575468540192,1.0,0.4100247323513031,0.2228481471538544,0.0587367340922355,0.0179155636578798,0.0260590482503175
2098,0.0283285714685916,0.069013811647892,0.0176204200834035,0.0186651889234781,0.0359164513647556,0.2762534022331238,1.0,0.5954627394676208,0.2149427235126495,0.034856904298067,0.013322384096682,0.0186880081892013
2099,0.191974014043808,0.1679654270410537,0.0368574187159538,0.0408215336501598,0.0390467047691345,0.2351371347904205,1.0,0.6556612253189087,0.2617626488208771,0.0645175725221633,0.0318956561386585,0.0981580391526222
2100,0.2931809723377228,0.2287997156381607,0.0307819843292236,0.0559471175074577,0.054026149213314,0.2656597197055816,1.0,0.856615424156189,0.3993315398693084,0.1234395802021026,0.0427532084286212,0.0771567597985267
2101,1.0,0.2573316395282745,0.0249454285949468,0.0544568486511707,0.0545803979039192,0.2066144198179244,0.5347154140472412,0.275639533996582,0.0877331718802452,0.0314510054886341,0.040966797620058,0.3772772252559662
2102,1.0,0.4129392206668854,0.0225637201219797,0.0126875825226306,0.0240114685148,0.0788673162460327,0.3360996842384338,0.376750349998474,0.0787324160337448,0.009123926050961,0.0172886364161968,0.1913487762212752
2103,1.0,0.3981731235980988,0.0244424045085906,0.0060693118721246,0.0076120859012007,0.0706462413072586,0.3531254231929779,0.2958782017230987,0.0674097314476966,0.0208123009651899,0.0235298797488212,0.2081964462995529
2104,1.0,0.361074298620224,0.0188854169100522,0.0084270564839243,0.0194996409118175,0.0942387282848358,0.4446613490581512,0.2758148908615112,0.073303997516632,0.0333640500903129,0.0283379051834344,0.2086790502071381
2105,1.0,0.3245024979114532,0.0182866528630256,0.00866390299052,0.0168881360441446,0.1014816686511039,0.4709284007549285,0.3439114093780517,0.0876702293753623,0.0314231887459754,0.0231232829391956,0.2387692183256148
2106,1.0,0.3250228464603424,0.0221285000443458,0.0187019426375627,0.0384956374764442,0.1036097481846809,0.457197219133377,0.4195785522460937,0.1065066680312156,0.0269653424620628,0.0294965412467718,0.2075527608394622
2107,1.0,0.3099776804447174,0.0381104610860347,0.0432728491723537,0.0867668315768241,0.1084992587566375,0.4806487262248993,0.8059967756271361,0.1968394666910171,0.0292054209858179,0.0160623360425233,0.2320507913827896
2108,0.8209518194198608,0.3708890974521637,0.2576035857200622,0.4870219528675079,0.2641640901565552,0.1143090054392814,0.4229673147201537,1.0,0.267802357673645,0.0662508308887481,0.0720059499144554,0.1732434630393982
2109,0.6183063983917236,0.2264136224985122,0.230204090476036,1.0,0.3071581721305847,0.0305898953229188,0.0637621656060218,0.1701813042163849,0.0469948127865791,0.0276938155293464,0.1640243977308273,0.2064940929412841
2110,0.8013524413108826,0.326511025428772,0.19127157330513,1.0,0.2814334332942962,0.026014070957899,0.0554584190249443,0.0879421755671501,0.0217787828296422,0.0256315991282463,0.1968970596790313,0.2095853090286255
2111,0.75449138879776,0.3072130382061004,0.2043004333972931,1.0,0.2633452415466308,0.0413487665355205,0.0773375779390335,0.0819399431347847,0.0251685455441474,0.0314073674380779,0.2015164792537689,0.2066842913627624
2112,0.7131803631782532,0.2951170206069946,0.187775507569313,1.0,0.2319047302007675,0.0558052249252796,0.1088445112109184,0.0900045335292816,0.0317488834261894,0.0599071346223354,0.4067136943340301,0.240672081708908
2113,0.6765643358230591,0.2882438600063324,0.1609189361333847,1.0,0.2695509195327759,0.0372932739555835,0.1563082039356231,0.2018507719039916,0.0535174086689949,0.0903491973876953,0.5875612497329712,0.2659378349781036
2114,0.7816631197929382,0.3288654386997223,0.197813719511032,1.0,0.2244268208742141,0.063254177570343,0.1983323395252228,0.1584787964820861,0.0681277960538864,0.1154506653547286,0.7436582446098327,0.3224814534187317
2115,0.4378057420253753,0.1196247190237045,0.2537471652030945,1.0,0.2004934400320052,0.0645569711923599,0.1135722696781158,0.0983796417713165,0.0500868186354637,0.0776137933135032,0.4613590240478516,0.2321022748947143
2116,1.0,0.6005069017410278,0.1996811479330063,0.3748341202735901,0.0711361542344093,0.0086065120995044,0.0203885957598686,0.0473861917853355,0.0269445851445198,0.0346838906407356,0.2438911944627761,0.2506009340286255
2117,1.0,0.389651358127594,0.0970564410090446,0.5713818073272705,0.2514253556728363,0.0241755153983831,0.0415919013321399,0.2038762271404266,0.0635372474789619,0.0336262285709381,0.2296253144741058,0.2374908328056335
2118,1.0,0.3637666404247284,0.1005869209766388,0.4866012930870056,0.2540322244167328,0.0285003222525119,0.0359726063907146,0.0947421416640281,0.0333816222846508,0.0172995310276746,0.0536210387945175,0.2094890028238296
2119,1.0,0.3358023762702941,0.0769591182470321,0.3182865977287292,0.1651505827903747,0.0182090550661087,0.0252235103398561,0.0612354129552841,0.0260206591337919,0.0217137243598699,0.0576088428497314,0.227081760764122
2120,1.0,0.3358280062675476,0.0609343759715557,0.2540217936038971,0.1438191086053848,0.0245600994676351,0.0521295927464962,0.1641982048749923,0.0547809079289436,0.0187599845230579,0.0320956483483314,0.2324466109275817
2121,1.0,0.3575372397899628,0.0841451212763786,0.3127468526363373,0.1446274071931838,0.0297085363417863,0.0538338720798492,0.1616725623607635,0.060004137456417,0.0262561105191707,0.0487964898347854,0.2097088396549224
2122,1.0,0.3214396238327026,0.1853826493024826,0.5564742088317871,0.1653017401695251,0.0353172793984413,0.0887979343533515,0.2727862298488617,0.0940626487135887,0.0431930050253868,0.1411748081445694,0.2489021271467209
2123,1.0,0.3503055870532989,0.3760034739971161,0.5951558351516724,0.1461283564567566,0.0389593429863452,0.1025309115648269,0.3909746408462525,0.1363576203584671,0.0587229691445827,0.1659517139196396,0.3329317569732666
2124,1.0,0.3855084180831908,0.0661914199590683,0.1456973403692245,0.0501283444464206,0.043115347623825,0.1189439371228218,0.1680470407009124,0.0689985528588295,0.0193192437291145,0.0363354086875915,0.253104031085968
2125,0.7675833106040953,0.4156811833381653,0.0714187175035476,0.0902599021792411,0.0595266297459602,0.2692188322544097,1.0,0.7279030084609985,0.0828926041722297,0.01549051143229,0.0200861934572458,0.1618886291980743
2126,0.5749644637107849,0.2510678470134735,0.0429364182054996,0.0905259326100349,0.0692775771021843,0.249071329832077,1.0,0.5390888452529907,0.0470343306660652,0.0147570725530385,0.0349769107997417,0.1428738385438919
2127,0.4486187994480133,0.2556451559066772,0.043261706829071,0.0644258260726928,0.0439480356872081,0.2392312288284301,1.0,0.4932875633239745,0.0499514527618885,0.0269014239311218,0.1018041744828224,0.1178378015756607
2128,0.4642119705677032,0.3474011123180389,0.057891309261322,0.0691486522555351,0.0663285627961158,0.2440797835588455,1.0,0.4909557700157165,0.0576266050338745,0.0201279539614915,0.0471738278865814,0.1028717458248138
2129,0.6696085929870604,0.4001709222793579,0.0727908685803413,0.1076415032148361,0.0757514908909797,0.2542000710964203,1.0,0.5428040623664856,0.0734216794371604,0.0343713648617267,0.1184421256184578,0.1703175604343414
2130,0.8188339471817015,0.504854381084442,0.1470096409320831,0.2836466431617737,0.1635215878486633,0.2801963686943054,1.0,0.7439236640930175,0.1359720379114151,0.0485344640910625,0.1084994152188301,0.2293922305107116
2131,1.0,0.5607507228851318,0.2157325148582458,0.3297521471977233,0.1219367906451225,0.2437476366758346,0.7689314484596252,0.6943904161453247,0.1600193828344345,0.1361636519432068,0.6770554184913635,0.4311500191688537
2132,0.6556599140167236,0.4111486673355103,0.1489440351724624,0.3821769654750824,0.7484984397888182,0.8319629430770874,1.0,0.8759657740592957,0.1403834670782089,0.0700044706463813,0.3532922863960266,0.2438834309577941
2133,0.1316849291324615,0.1595605760812759,0.0598803535103797,0.2766730189323425,0.8092555403709412,1.0,0.6134965419769287,0.2137705087661743,0.0282955653965473,0.0167510174214839,0.0496332943439483,0.05360559374094
2134,0.1833498328924179,0.1750382483005523,0.0662507787346839,0.3452785909175873,0.9388338327407838,1.0,0.6551415324211121,0.2322137355804443,0.0389781817793846,0.016686538234353,0.0346682779490947,0.0662939772009849
2135,0.2048004269599914,0.1796698719263076,0.06972187012434,0.3954309523105621,1.0,0.8750805258750916,0.7171899080276489,0.3008390069007873,0.0490788407623767,0.0188265834003686,0.0249902140349149,0.0849179625511169
2136,0.2194553166627884,0.1353754103183746,0.0554420948028564,0.4220187664031982,1.0,0.8270689249038696,0.7687960863113403,0.2716396749019623,0.0575314946472644,0.0243953987956047,0.0265106260776519,0.1026314944028854
2137,0.2814220786094665,0.1132518053054809,0.05269755423069,0.4536243081092833,1.0,0.8083030581474304,0.9449678659439088,0.39082932472229,0.1032978296279907,0.0426445826888084,0.0728734284639358,0.1638983190059662
2138,0.2881882786750793,0.1235219165682792,0.0698877871036529,0.4954138994216919,1.0,0.6779549717903137,0.6132640242576599,0.3148581385612488,0.1276574730873108,0.053647831082344,0.0562289059162139,0.1631042659282684
2139,0.5784066319465637,0.2047095596790313,0.0584370456635952,0.5121414661407471,1.0,0.7418333888053894,0.6184075474739075,0.3236172199249267,0.2216114550828933,0.0809047892689704,0.0560367181897163,0.3245481550693512
2140,0.0492162778973579,0.062198169529438,0.0271362140774726,0.0663214698433876,0.1195688247680664,0.2505715787410736,1.0,0.5496677160263062,0.0549120642244815,0.0116031104698777,0.0178061705082654,0.0179505702108144
2141,0.0435003750026226,0.0958311632275581,0.0306837446987628,0.0460325665771961,0.1710321009159088,0.3938134908676147,1.0,0.4966171085834503,0.0407271012663841,0.0103786466643214,0.0285221599042415,0.0204676464200019
2142,0.0464641116559505,0.09283097833395,0.0288856085389852,0.0626648142933845,0.2027286738157272,0.4218595027923584,1.0,0.4271032512187958,0.0378481969237327,0.0313038863241672,0.1114478856325149,0.0500703118741512
2143,0.0691983476281166,0.1598605066537857,0.0487301722168922,0.074922926723957,0.2400774210691452,0.4130972623825072,1.0,0.4793249070644378,0.0540961846709251,0.0497301444411277,0.1751007437705993,0.097036138176918
2144,0.0594372637569904,0.0823684111237526,0.0356096662580966,0.0857843682169914,0.262668639421463,0.4636323153972626,1.0,0.4749366044998169,0.0674874484539032,0.0269362479448318,0.0334553681313991,0.0765208378434181
2145,0.0571990050375461,0.0664793327450752,0.0239933058619499,0.0641338899731636,0.2053803205490112,0.4127245247364044,1.0,0.4267003238201141,0.0629526004195213,0.0383885763585567,0.0822499319911003,0.0753815099596977
2146,0.0850432440638542,0.1384102702140808,0.0455828420817852,0.0913329944014549,0.2226087599992752,0.3945900201797485,1.0,0.5032214522361755,0.0884239897131919,0.0597878023982048,0.1134670153260231,0.0778638571500778
2147,0.0700761452317237,0.1260186731815338,0.0428908169269561,0.0478116273880004,0.1325280517339706,0.4696441292762756,1.0,0.4445947110652924,0.0856145843863487,0.0464656427502632,0.0629543960094451,0.0332031995058059
2148,0.0116014163941144,0.0386537909507751,0.0186205748468637,0.0121229588985443,0.0423604547977447,0.2622654438018799,1.0,0.5291894674301147,0.0609103441238403,0.0130156464874744,0.0173696763813495,0.008168819360435
2149,0.020843181759119,0.0615128278732299,0.0276292208582162,0.0779982730746269,0.1045974418520927,0.2255823165178298,1.0,0.9874339699745176,0.8551187515258789,0.6444697380065918,0.2387566417455672,0.0631790682673454
2150,0.0268476717174053,0.058896031230688,0.0228329170495271,0.0804037898778915,0.0589086711406707,0.1235330030322074,0.526134192943573,0.5060911178588867,1.0,0.8038687109947203,0.1464631557464599,0.0362853668630123
2151,0.0477753207087516,0.046245127916336,0.0187001042068004,0.0483001582324504,0.0408430807292461,0.0649624764919281,0.3030806481838226,0.4061660170555114,1.0,0.7505778074264526,0.1324584782123565,0.0464780256152152
2152,0.0379731506109237,0.0308235958218574,0.0196395367383956,0.068960390985012,0.0385851711034774,0.0586556196212768,0.2520752847194672,0.4243722259998321,1.0,0.6822420954704285,0.1098636910319328,0.0326807685196399
2153,0.0227711517363786,0.0213435590267181,0.0168009959161281,0.0675449296832084,0.0401501171290874,0.0638714656233787,0.2457903921604156,0.4316270649433136,1.0,0.7011124491691588,0.1284401416778564,0.0339864753186702
2154,0.0393169671297073,0.0307298693805932,0.0186780095100402,0.0701656714081764,0.0419425666332244,0.0690986514091491,0.2337522804737091,0.36177858710289,1.0,0.756058931350708,0.1193902641534805,0.0360909849405288
2155,0.0436696968972682,0.0503209941089153,0.0270564313977956,0.1121327728033065,0.1010084673762321,0.1217309311032295,0.2739698886871337,0.3065819144248962,1.0,0.8174545764923095,0.1456291675567626,0.0469924286007881
2156,0.1401829123497009,0.1957839429378509,0.0341920517385005,0.0856354236602783,0.2885391414165497,0.7915979027748109,1.0,0.3513849973678589,0.6391961574554443,0.6304126977920532,0.0932462215423584,0.03068876452744
2157,0.0198732744902372,0.0783566758036613,0.0279433745890855,0.0269724484533071,0.0406273864209652,0.2690996527671813,1.0,0.4953391849994659,0.2325333505868912,0.1937877237796783,0.0536076575517654,0.0141469705849885
2158,0.0213741715997457,0.0575330033898353,0.0191065352410078,0.0167011190205812,0.0297476127743721,0.2472677677869796,1.0,0.4911940991878509,0.1469387412071228,0.1111342757940292,0.047025728970766,0.0107192108407616
2159,0.0273718871176242,0.0869603008031845,0.0279181357473134,0.0325552560389041,0.0416393354535102,0.2450781464576721,1.0,0.4717295467853545,0.1384323090314865,0.1040457412600517,0.0749736279249191,0.0133257387205958
2160,0.0371356271207332,0.1571067571640014,0.0432184040546417,0.0428857989609241,0.0458147376775741,0.230177566409111,1.0,0.5720574855804443,0.2833970487117767,0.1895539909601211,0.1335456520318984,0.0220438744872808
2161,0.0426000133156776,0.2161000370979308,0.0544268824160099,0.0362090170383453,0.0459260568022728,0.2365779876708984,1.0,0.6512359976768494,0.3998289108276367,0.2445051819086074,0.1047091484069824,0.0184992365539073
2162,0.0350502505898475,0.1716940402984619,0.047195516526699,0.0565923936665058,0.0460263229906559,0.2453641444444656,1.0,0.5373346209526062,0.3120949268341064,0.1784338057041168,0.0693450719118118,0.0141979278996586
2163,0.0603412762284278,0.2482582926750183,0.0862124189734458,0.1618519872426986,0.1011771783232688,0.2301719635725021,1.0,0.4965201020240784,0.3666760325431824,0.2310281544923782,0.0649662092328071,0.021231597289443
2164,0.1352333724498748,0.196468025445938,0.029868334531784,0.0225496403872966,0.0635563358664512,0.36435866355896,1.0,0.5248744487762451,0.1169362515211105,0.0522146075963974,0.0625042021274566,0.0868546664714813
2165,1.0,0.4359382688999176,0.0306268520653247,0.0056639979593455,0.0156071688979864,0.0725477486848831,0.2847896814346313,0.1388597935438156,0.0494176223874092,0.0360566265881061,0.043281864374876,0.2939971685409545
2166,1.0,0.4320613443851471,0.0245795119553804,0.0086324214935302,0.0311216469854116,0.0536088943481445,0.2506637275218964,0.1502450108528137,0.0346507020294666,0.0204982459545135,0.0193894430994987,0.2193418592214584
2167,1.0,0.3815372288227081,0.0227253902703523,0.0129209551960229,0.0309406965970993,0.0637428909540176,0.3127779066562652,0.1788438260555267,0.0332980528473854,0.0158035028725862,0.0143848499283194,0.2297680824995041
2168,1.0,0.338204562664032,0.0168426278978586,0.022118492051959,0.073262296617031,0.0860774144530296,0.3775574862957001,0.2013545632362365,0.0372847504913806,0.0209725927561521,0.0223911684006452,0.2545118033885956
2169,1.0,0.3167151808738708,0.0169094055891037,0.0210651792585849,0.063845619559288,0.0858173891901969,0.3850594460964202,0.2061942517757416,0.0613282285630703,0.0366044081747531,0.02633598446846,0.2621291875839233
2170,1.0,0.3604846894741058,0.0239165406674146,0.0291331745684146,0.0667062997817993,0.0955601036548614,0.3982647955417633,0.2243236750364303,0.0929672718048095,0.0497462302446365,0.027174487709999,0.2451149225234985
2171,1.0,0.3445527851581573,0.0344247594475746,0.0385842137038707,0.0871931239962577,0.0856637731194496,0.3293211162090301,0.241542711853981,0.103602260351181,0.0560860447585582,0.040793839842081,0.2893046438694
2172,0.5986705422401428,0.2018735855817794,0.3364526033401488,1.0,0.3339560925960541,0.0531288459897041,0.1434791386127472,0.169667512178421,0.0590666644275188,0.0347308106720447,0.0809408202767372,0.2054966539144516
2173,0.9108059406280516,0.3779875636100769,0.218935489654541,1.0,0.3321424126625061,0.0230400338768959,0.0781041905283927,0.1314575672149658,0.0481695309281349,0.0196679774671792,0.0765413641929626,0.2331123948097228
2174,1.0,0.4336583018302917,0.2817898094654083,0.9577508568763732,0.2503612339496612,0.0254968199878931,0.1040300652384758,0.1134665831923484,0.0401229411363601,0.0210108011960983,0.0642528310418129,0.2582446038722992
2175,1.0,0.4272590577602385,0.2276284843683242,0.7412976622581483,0.1947025656700134,0.0261127967387437,0.1017771810293197,0.0933556929230689,0.0305910483002662,0.0198125466704368,0.0700100362300872,0.2741137444972992
2176,1.0,0.3969216346740722,0.2248553335666656,0.6129202246665955,0.1853553205728531,0.0232917480170726,0.0731333494186401,0.0664328411221504,0.0290015246719121,0.0168488025665283,0.0323456674814224,0.2543003857135772
2177,1.0,0.4129915535449981,0.2124015539884567,0.6184521317481995,0.228356122970581,0.0318689197301864,0.0961800813674926,0.0585544630885124,0.0362105704843998,0.026804668828845,0.0377035848796367,0.2450551241636276
2178,1.0,0.3557329177856445,0.19410602748394,0.7390003800392151,0.3168064951896667,0.0437941513955593,0.1410949677228927,0.0932945907115936,0.0648824721574783,0.0409428887069225,0.0325573831796646,0.2734186053276062
2179,1.0,0.5018908977508545,0.3589305579662323,0.5985346436500549,0.1521476358175277,0.0545682124793529,0.2028377652168273,0.1154912114143371,0.0725141540169715,0.0475163981318473,0.0423640757799148,0.2446516007184982
2180,0.3337822258472442,0.1470108479261398,0.3321085274219513,1.0,0.2273942679166793,0.018518179655075,0.057059671729803,0.159782662987709,0.3746874332427978,0.1236629709601402,0.0372254066169261,0.1146335378289222
2181,0.1249768584966659,0.0538296848535537,0.0889421179890632,0.3966454267501831,0.1195268332958221,0.0073133562691509,0.018681775778532,0.179759532213211,1.0,0.293777734041214,0.0180986318737268,0.0341007634997367
2182,0.0851270258426666,0.0387989953160285,0.0412960760295391,0.1785044372081756,0.0474717728793621,0.0088064074516296,0.0223107431083917,0.1927622556686401,1.0,0.2439969927072524,0.0144303543493151,0.0245609302073717
2183,0.0636739060282707,0.0268331542611122,0.0349535569548606,0.1725247651338577,0.0321918353438377,0.0067697665654122,0.0203441884368658,0.245890274643898,1.0,0.1828009486198424,0.0120353549718856,0.0191475581377744
2184,0.0610866546630859,0.0234818011522293,0.0520775839686393,0.2198605686426162,0.0396698825061321,0.0087243979796767,0.0219320729374885,0.2393753081560135,1.0,0.192606657743454,0.0066293934360146,0.0173898357897996
2185,0.0438587665557861,0.0189943313598632,0.0274306070059537,0.1251794248819351,0.028055565431714,0.0084186578169465,0.0214109737426042,0.2528168559074402,1.0,0.1807618290185928,0.0059376205317676,0.0129017904400825
2186,0.0332853868603706,0.0126942070201039,0.0141022820025682,0.0510604195296764,0.0149267800152301,0.0037709292955696,0.0108186993747949,0.2240606546401977,1.0,0.2032499313354492,0.0048504597507417,0.0085847815498709
2187,0.0190354902297258,0.0083593530580401,0.0190991628915071,0.0396911688148975,0.0071038198657333,0.002511286875233,0.0107648978009819,0.2304500043392181,1.0,0.1998268514871596,0.0044662342406809,0.0051699434407055
2188,0.0832788869738579,0.0355213396251201,0.0746415555477142,0.2845650315284729,0.0590402223169803,0.0195206068456172,0.0609233006834983,0.2623381912708282,1.0,0.2402841299772262,0.0175160523504018,0.0270348899066448
2189,0.1306702494621276,0.0459460504353046,0.052472248673439,0.242206871509552,0.0716760158538818,0.0296581797301769,0.088482491672039,0.2767111957073212,1.0,0.1777014285326004,0.0142678059637546,0.0347073674201965
2190,0.0503637231886386,0.0145801743492484,0.0161067117005586,0.0927633047103881,0.0198277607560157,0.006273818667978,0.0246132630854845,0.2174518406391144,1.0,0.2164734154939651,0.0059764543548226,0.0127806048840284
2191,0.0499993525445461,0.0137590439990162,0.047012023627758,0.2429748177528381,0.0403436198830604,0.0092517407611012,0.0284630581736564,0.2805360555648804,1.0,0.1688346415758133,0.0061863488517701,0.0135122295469045
2192,0.0409884266555309,0.0140797942876815,0.0470055826008319,0.2030322402715682,0.0385596007108688,0.0082414867356419,0.0271800775080919,0.2749725580215454,1.0,0.1776909530162811,0.0049112122505903,0.0128119550645351
2193,0.0161396004259586,0.0061847092583775,0.0118315732106566,0.0520429648458957,0.0152472639456391,0.0068965693935751,0.0220024734735488,0.2608096301555633,1.0,0.1794561147689819,0.0039343549869954,0.0048736953176558
2194,0.0205480847507715,0.008129671216011,0.008541808463633,0.0276159513741731,0.007890717126429,0.0040921662002801,0.0140807498246431,0.2474862486124038,1.0,0.179392784833908,0.003420625347644,0.0052515766583383
2195,0.0118221715092659,0.0095029920339584,0.005838381126523,0.0146951451897621,0.0036672104615718,0.0046475469134747,0.0163873061537742,0.262149453163147,1.0,0.1807144433259964,0.0030402056872844,0.0027456283569335
2196,0.0236231219023466,0.0162413753569126,0.0126994773745536,0.0663903802633285,0.0132078919559717,0.0064282282255589,0.0230851713567972,0.2731936573982239,1.0,0.1718878149986267,0.0061441669240593,0.0063131437636911
2197,0.0331459939479827,0.0146827213466167,0.0207878444343805,0.0846068561077117,0.01714956946671,0.0099381329491734,0.0316205509006977,0.266152948141098,1.0,0.1789287030696869,0.0056112497113645,0.0078810546547174
2198,0.0265041049569845,0.0190447941422462,0.0333456024527549,0.1330589056015014,0.0279381480067968,0.0112806661054492,0.0404819697141647,0.2743757963180541,1.0,0.1944243758916854,0.006537293549627,0.0069838431663811
2199,0.127000406384468,0.126316636800766,0.0825709849596023,0.250425398349762,0.0422752536833286,0.0288481712341308,0.1254473626613616,0.4136628508567809,1.0,0.1739062964916229,0.0172279514372348,0.0582731999456882
2200,0.3049068748950958,0.1854567378759384,0.0462657175958156,0.1340241432189941,0.0319369956851005,0.0158000439405441,0.0661369040608406,0.3902803659439087,1.0,0.1689299046993255,0.0107400249689817,0.0772824063897132
2201,0.1934932619333267,0.1494212746620178,0.0321552045643329,0.0683645009994506,0.0219707060605287,0.0064293812029063,0.0275510419160127,0.3119961321353912,1.0,0.1849567145109177,0.0087904194369912,0.0492853373289108
2202,1.0,0.58738911151886,0.0522449910640716,0.025182269513607,0.0275834165513515,0.0160879865288734,0.0359754934906959,0.2752231955528259,0.8223094940185546,0.138610377907753,0.0114799728617072,0.1987801194190979
2203,0.4898976981639862,0.2538514137268066,0.0429712161421775,0.0218524951487779,0.0118313943967223,0.0113216843456029,0.0300778858363628,0.3292192220687866,1.0,0.2017874419689178,0.007098673377186,0.0976371988654136
2204,0.9480754137039183,1.0,0.1089301779866218,0.0127314822748303,0.0070290528237819,0.0101045072078704,0.0246612764894962,0.2273070663213729,0.7144113183021545,0.1509505361318588,0.0051775109022855,0.087487056851387
2205,0.6408401131629944,1.0,0.1596437245607376,0.021279027685523,0.0226016640663146,0.0374563783407211,0.026908554136753,0.1583981961011886,0.5700917840003967,0.1173439025878906,0.0039887656457722,0.033879455178976
2206,1.0,0.59559428691864,0.0660925358533859,0.0831235349178314,0.0634631514549255,0.1529195457696914,0.1733582317829132,0.2198594212532043,0.5017635226249695,0.1435300856828689,0.0195797476917505,0.1490584462881088
2207,0.8791120052337646,1.0,0.1304234713315963,0.0199651177972555,0.0262283589690923,0.0651502683758735,0.0439470745623111,0.0486213453114032,0.1075054630637168,0.0495190322399139,0.0084039438515901,0.075837567448616
2208,0.5286848545074463,1.0,0.1977452635765076,0.0122742895036935,0.0132507337257266,0.022071436047554,0.0174666531383991,0.0563789308071136,0.1432912200689315,0.041671022772789,0.0039754258468747,0.0285358093678951
2209,0.2251097112894058,0.6641311049461365,0.1700932681560516,0.0261491741985082,0.0137252444401383,0.027580777183175,0.0407831706106662,0.3739154636859894,1.0,0.2256126999855041,0.0120418332517147,0.0148466797545552
2210,0.1264590471982956,0.2030199766159057,0.0575343370437622,0.0097413472831249,0.00756640965119,0.0102599672973155,0.0592064149677753,0.4245413243770599,1.0,0.2478628009557724,0.0138399023562669,0.0178787522017955
2211,0.03841457888484,0.0374896451830864,0.0198410395532846,0.021738426759839,0.030065681785345,0.0376793518662452,0.1012298166751861,0.3015288114547729,1.0,0.2306401282548904,0.0179456397891044,0.0158653017133474
2212,0.0283306948840618,0.0256623402237892,0.0207011569291353,0.0206935461610555,0.0261018890887498,0.0257174223661422,0.060790229588747,0.3273301720619201,1.0,0.1916612386703491,0.0185705032199621,0.0220212824642658
2404,0.3745449781417847,0.123105488717556,0.0171601064503192,0.3240344822406769,0.5979946255683899,0.0668148398399353,0.0515788942575454,0.1310115307569503,0.3411157131195068,1.0,0.1465521901845932,0.1012795642018318
2405,0.2424314916133881,0.0876925438642501,0.0565911754965782,0.672285258769989,1.0,0.1555651724338531,0.2063596993684768,0.3451124429702759,0.5617818236351013,0.7686166763305664,0.2423087358474731,0.2052539438009262
2406,0.4756939113140105,0.1565032452344894,0.1173729300498962,0.8020556569099425,0.8126407265663147,0.2297115176916122,0.340329110622406,0.6221109628677368,1.0,0.8979960083961488,0.428659975528717,0.4511952102184296
2407,0.7495030760765076,0.1073057577013969,0.2348819226026535,1.0,0.3247832357883453,0.1210153102874755,0.2895941436290741,0.5563798546791077,0.9235662221908568,0.6059355735778809,0.3154390454292297,0.5048336386680603
2408,0.16175077855587,0.0525009930133819,0.2318179160356521,0.850521981716156,0.3114294707775116,0.1038844510912895,0.2928854823112488,0.4867773354053497,1.0,0.5735187530517578,0.2672635912895202,0.2068638652563095
2409,0.490898072719574,0.0675835162401199,0.1258684247732162,1.0,0.4744620323181152,0.0794840902090072,0.2081188559532165,0.3601382374763489,0.6712945103645325,0.4294150173664093,0.2750408351421356,0.4125257730484009
2410,1.0,0.1690057069063186,0.2396379858255386,0.876994252204895,0.3041455745697021,0.1073527634143829,0.2905282378196716,0.5490028262138367,0.8029904365539551,0.5408572554588318,0.3854424357414245,0.7335547804832457
2411,1.0,0.1227107495069503,0.28791344165802,0.7736365199089049,0.2313201427459716,0.0638928711414337,0.1968664973974228,0.485385775566101,0.6638119220733643,0.312072217464447,0.1897814720869064,0.5138757228851318
2412,0.259915143251419,0.0538644269108772,0.3531264364719391,1.0,0.3242734670639038,0.0476397834718227,0.1072945296764373,0.3699183166027068,0.7994306087493896,0.380415678024292,0.118332989513874,0.1943866312503814
2413,0.1591257005929947,0.0438530780375003,0.0991227328777313,0.4491427540779114,0.126078262925148,0.0464833490550518,0.1090605035424232,0.4323625862598419,1.0,0.46145099401474,0.1486709862947464,0.110378123819828
2414,0.4019262790679932,0.1307016164064407,0.244346097111702,0.8477877378463745,0.357960045337677,0.0729909762740135,0.2021268457174301,0.6561326384544373,1.0,0.4388468861579895,0.1571471542119979,0.1738723963499069
2415,0.540439784526825,0.1466701775789261,0.4058534502983092,0.9133657217025756,0.33084636926651,0.1029601320624351,0.2044809609651565,0.6700164079666138,1.0,0.4661605656147003,0.2468912899494171,0.3449184894561767
2416,0.4744457006454468,0.122048407793045,0.3754461109638214,1.0,0.2135536968708038,0.0731600746512413,0.1385381817817688,0.425073117017746,0.9231718778610228,0.4745100438594817,0.1833154261112212,0.2231872230768204
2417,0.1640419065952301,0.0504140146076679,0.1741980016231537,0.7573894858360289,0.2858828902244568,0.0863977894186973,0.1708621084690094,0.5755789875984192,1.0,0.4056508243083954,0.2064941674470901,0.1594686806201934
2418,0.0611056014895439,0.0352547466754913,0.2260833382606506,0.6348785161972046,0.143761858344078,0.0656454265117645,0.1372931897640228,0.4843252301216125,1.0,0.3560930788516998,0.1234520524740219,0.0698388069868087
2419,0.0850130394101142,0.0476716682314872,0.1328261643648147,0.4003211557865143,0.2288845181465149,0.0951576754450798,0.1793231517076492,0.4074162244796753,1.0,0.6431773900985718,0.1669985502958297,0.0905624851584434
2420,0.1519701480865478,0.087083026766777,0.2781283855438232,0.4776498973369598,0.1660351008176803,0.1450920403003692,0.2923605740070343,0.6310571432113647,1.0,0.5083815455436707,0.2575831115245819,0.1481280922889709
2421,0.4101211130619049,0.1855972111225128,0.1331695318222046,0.4901915490627289,0.341721773147583,0.1669796556234359,0.3251465260982513,1.0,0.782915472984314,0.4108384847640991,0.2982499599456787,0.2225378155708312
2422,0.5698912143707275,0.166989579796791,0.080863207578659,0.1599745154380798,0.147172749042511,0.1111426725983619,0.2544217109680176,1.0,0.4523397088050842,0.2291411906480789,0.173721581697464,0.1726694852113723
2423,0.7996526956558228,0.2192743122577667,0.1331652253866195,0.1897342950105667,0.1537708491086959,0.1002677977085113,0.2335456162691116,1.0,0.4260661602020264,0.2052502334117889,0.1547788828611374,0.1833501458168029
2424,0.9641462564468384,0.2472652792930603,0.0826535299420356,0.1204675957560539,0.1396971642971038,0.0900489017367362,0.2207141369581222,1.0,0.397156834602356,0.1999152153730392,0.1618234068155288,0.2081294357776641
2425,1.0,0.252161830663681,0.0595509931445121,0.0621886253356933,0.099272683262825,0.0862521156668663,0.1976320594549179,0.853002369403839,0.3430459201335907,0.173526257276535,0.1321467012166977,0.1910969763994217
2426,1.0,0.2355539500713348,0.0644847378134727,0.0824486315250396,0.0956862941384315,0.0794878676533699,0.206125795841217,0.9225882291793824,0.3367282748222351,0.158174306154251,0.1270475685596466,0.2017444968223572
2427,0.9424411058425904,0.2261530756950378,0.04953458532691,0.0612035766243934,0.0760163366794586,0.0818214267492294,0.2254271954298019,1.0,0.347144216299057,0.1494012624025344,0.1147141605615615,0.1834615021944046
2428,1.0,0.2230854332447052,0.0893293842673301,0.2977542281150818,0.1265896111726761,0.0949626117944717,0.2077324092388152,0.8898895978927612,0.2994184494018554,0.181619107723236,0.3396819829940796,0.2492688149213791
2429,0.1339835673570633,0.0540414564311504,0.0814254358410835,0.5906922221183777,0.1380184590816497,0.0401337258517742,0.0486752837896347,0.1220853552222251,0.0619876682758331,0.1655671000480651,1.0,0.2174863964319228
2430,0.084279328584671,0.0486595816910266,0.0731805488467216,0.58120596408844,0.1264427006244659,0.0291426349431276,0.0325918793678283,0.0624391809105873,0.0460262969136238,0.1359386891126632,1.0,0.2359267026185989
2431,0.0588990859687328,0.0207353644073009,0.0517662540078163,0.403445541858673,0.0835363641381263,0.0210426151752471,0.0222348682582378,0.0399424880743026,0.0359210595488548,0.1403196603059768,1.0,0.2181792110204697
2432,0.0412679500877857,0.0149121098220348,0.0483330562710762,0.3871649503707886,0.0808683335781097,0.0182636678218841,0.0187381580471992,0.03397186845541,0.0312566570937633,0.1332256942987442,1.0,0.220975399017334
2433,0.0447409562766552,0.0245203282684087,0.050705038011074,0.3990532457828522,0.0803024917840957,0.0147432824596762,0.0156249944120645,0.0313024818897247,0.029097082093358,0.135809913277626,1.0,0.2128020823001861
2434,0.0511136949062347,0.0265617314726114,0.0540515482425689,0.4117014110088348,0.082950972020626,0.019069992005825,0.0194464735686779,0.0338591262698173,0.0336800292134285,0.1405085772275924,1.0,0.2151205092668533
2435,0.0251341667026281,0.0214197896420955,0.0512348972260952,0.3779947459697723,0.0763532221317291,0.0207929722964763,0.0197149105370044,0.0310712363570928,0.0355917774140834,0.1477402299642563,1.0,0.2055670619010924
2436,0.0391560457646846,0.0173419266939163,0.0588593631982803,0.4446684420108795,0.1006263792514801,0.0241596978157758,0.0256555899977684,0.038597472012043,0.0422032848000526,0.1471871882677078,1.0,0.2174785584211349
2437,0.3266190588474273,0.0743921399116516,0.0716692507266998,0.4566045105457305,0.1391676664352416,0.0391581729054451,0.063955932855606,0.2580633759498596,0.0932049751281738,0.1564010977745056,1.0,0.2651871740818024
2438,0.3712359070777893,0.0989650413393974,0.071068450808525,0.3741419017314911,0.1314279586076736,0.0441420190036296,0.0910261943936348,0.4096788167953491,0.1243317499756813,0.1589594483375549,1.0,0.2687863409519195
2439,0.2332220524549484,0.0861436948180198,0.0539505854249,0.2849465012550354,0.119647815823555,0.052520602941513,0.1025055348873138,0.4359225928783417,0.1352224797010421,0.1658855825662613,1.0,0.250051885843277
2440,0.1721874475479126,0.060359176248312,0.0674793720245361,0.2749905288219452,0.1185277253389358,0.0622210465371608,0.1209297254681587,0.5262258052825928,0.161903902888298,0.1810323596000671,1.0,0.2424078583717346
2441,0.2428181618452072,0.0827154368162155,0.0770906433463096,0.2314575612545013,0.1345004290342331,0.090948574244976,0.168098822236061,0.6583431959152222,0.2136490494012833,0.1999752372503281,1.0,0.2768789231777191
2442,0.28052020072937,0.1051694750785827,0.083464004099369,0.2813189625740051,0.1999707370996475,0.1085634604096412,0.1751182824373245,0.5873903632164001,0.2120727747678756,0.2194779962301254,1.0,0.2815054357051849
2443,0.4597110748291016,0.1294919848442077,0.103751890361309,0.3233799040317535,0.1913122534751892,0.1078902408480644,0.1539290845394134,0.4224438071250916,0.1694022566080093,0.2123725414276123,1.0,0.295212984085083
2444,0.7880566120147705,0.1585972607135772,0.1042098253965377,0.4593148529529572,0.1862644702196121,0.0684077963232994,0.1040917932987213,0.2426010966300964,0.1761531680822372,0.2026088982820511,1.0,0.3434274196624756
2445,1.0,0.1727053821086883,0.1661320775747299,0.6987085342407227,0.2189131379127502,0.0963392034173011,0.177404522895813,0.3291558921337128,0.5188241004943848,0.2633750438690185,0.8190459609031677,0.376443475484848
2446,0.9222182631492616,0.1676293015480041,0.1675803810358047,0.9373246431350708,0.2707116305828094,0.0588652119040489,0.1066291630268096,0.4603332579135895,1.0,0.3175378441810608,0.8412675857543945,0.3677621185779572
2447,1.0,0.1427077502012252,0.0419241450726985,0.2825644612312317,0.0784913524985313,0.0256834141910076,0.0578200779855251,0.1489260792732238,0.3797203600406647,0.1099725440144538,0.3289762437343597,0.2298464328050613
2448,1.0,0.1996781229972839,0.1455008536577224,0.8413490056991577,0.2012326419353484,0.1301996707916259,0.2928111255168915,0.2951844334602356,0.9699849486351012,0.3088668584823608,0.9993704557418824,0.3336471319198608
2449,1.0,0.1588172614574432,0.1033817082643508,0.6269699335098267,0.1457872241735458,0.075697548687458,0.1446837037801742,0.1643198728561401,0.496961236000061,0.1894657015800476,0.6332303881645203,0.2790996432304382
2450,1.0,0.1682554185390472,0.0670605450868606,0.4181366562843322,0.1007833182811737,0.078556552529335,0.1555644571781158,0.1161228790879249,0.4267123341560364,0.1645683646202087,0.6052853465080261,0.2615643143653869
2451,1.0,0.1731993556022644,0.0859255567193031,0.4896692633628844,0.1184452474117279,0.1408815532922744,0.2897613644599914,0.1884084641933441,0.5886284112930298,0.2279872149229049,0.7854894995689392,0.2913378775119781
2452,1.0,0.1906388103961944,0.0630884692072868,0.27102792263031,0.0923658460378646,0.115668699145317,0.2370867878198624,0.1908060014247894,0.365333080291748,0.1760299205780029,0.496947318315506,0.2869068086147308
2453,0.7608481049537658,0.2155479341745376,0.1031883135437965,0.5084518790245056,0.2080164402723312,0.1311860382556915,0.292127251625061,0.659644603729248,0.6164544224739075,0.5157231092453003,1.0,0.4173558056354522
2454,0.4818100333213806,0.1868873834609985,0.114628255367279,0.3163650929927825,0.1743691265583038,0.2046685069799423,0.3753243386745453,0.6394224166870117,0.8147923946380614,0.7377861142158508,1.0,0.4298236966133117
2455,0.526288628578186,0.2225147038698196,0.0966544896364212,0.2342980057001113,0.1734236478805542,0.1866515427827835,0.3368750512599945,0.6443750262260437,0.8488134741783142,0.7295570969581603,1.0,0.4156548082828522
2456,0.5341221690177916,0.2140156477689743,0.1431844830513,0.5703824162483215,0.3016141951084137,0.2438844889402389,0.3807961642742157,0.6562044620513916,1.0,0.8814533352851868,0.9429457187652588,0.4493806660175323
2457,0.3663696348667145,0.1928574442863464,0.1206249296665191,0.4091783165931701,0.2106826156377792,0.1702630221843719,0.2029360830783844,0.335654616355896,0.464978814125061,0.4481930136680603,1.0,0.4250290989875793
2458,0.3357362747192383,0.1617113053798675,0.0962910801172256,0.3527972400188446,0.1659169048070907,0.0969990789890289,0.1216468289494514,0.3654937744140625,0.1880637556314468,0.1954914480447769,1.0,0.3414988815784454
2459,0.5922113060951233,0.2311819642782211,0.2052273750305176,0.9449439048767088,0.3052380383014679,0.1192779690027236,0.2295711785554885,0.8989937305450438,0.2420801073312759,0.1927718222141265,1.0,0.4210434556007384
2460,0.5818113684654236,0.1075182259082794,0.1173463836312294,0.318949282169342,0.0954990684986114,0.046868696808815,0.0666473507881164,0.4408394694328308,1.0,0.4113896787166595,0.34035924077034,0.2246459722518921
2461,0.1213151812553405,0.017309071496129,0.0308060497045516,0.1420784592628479,0.0286637898534536,0.0082096857950091,0.0416679941117763,0.3859784305095672,1.0,0.2712932825088501,0.024644523859024,0.0422811098396778
2462,0.1035292595624923,0.0144807239994406,0.0405929125845432,0.2217485010623932,0.0422288477420806,0.0116779869422316,0.0503175593912601,0.3852377533912658,1.0,0.3707457184791565,0.0264118034392595,0.0411003902554512
2463,0.3474197089672088,0.0660327076911926,0.0781111717224121,0.3982870876789093,0.0844091176986694,0.0204177666455507,0.0974615067243576,0.5459544658660889,1.0,0.267243593931198,0.065309390425682,0.1494999825954437
2464,0.3421877920627593,0.0587653256952762,0.0322072021663188,0.1951703131198883,0.0549090653657913,0.0268073193728923,0.1137613952159881,0.5049309730529785,1.0,0.4811305403709412,0.1378257721662521,0.1410026550292968
2465,0.4906682670116424,0.1335414797067642,0.1416402161121368,0.7901427149772643,0.27681565284729,0.1742962002754211,0.3935195207595824,0.6269485950469971,1.0,0.5335891246795654,0.426481693983078,0.2215539067983627
2466,0.2984585762023926,0.1713556051254272,0.2279610633850097,1.0,0.7155407667160033,0.3441252410411834,0.5310326218605042,0.3259521722793579,0.3398046493530273,0.1862187981605529,0.4191823005676269,0.3368356823921204
2467,0.3144795596599579,0.2616770565509796,0.1982300132513046,0.6542991399765015,0.9383931756019592,0.4424043595790863,0.6092376112937927,0.3830580115318298,1.0,0.3444052338600158,0.1835342943668365,0.2425640821456909
2468,0.4771375060081481,0.3866056501865386,0.2447613924741744,0.3491160571575165,0.5007783770561217,0.3173738420009613,0.3482546806335448,0.3131113350391388,0.7717007398605346,1.0,0.7737796902656555,0.4787859916687012
3036,0.2097507864236832,0.2077933400869369,0.0431546866893768,0.6162980198860168,1.0,0.1136801019310951,0.0130496462807059,0.1507946848869323,0.3397325277328491,0.5150808095932007,0.1260364204645156,0.0203716810792684
3037,0.1846079677343368,0.0527307465672493,0.0282121244817972,0.5269564390182495,1.0,0.1265976428985595,0.0201018396764993,0.154237225651741,0.5832681059837341,0.2778700888156891,0.0333406068384647,0.0468282774090766
3038,0.2060317397117614,0.0468652956187725,0.1386487036943435,1.0,0.7702274322509765,0.055191658437252,0.0615450888872146,0.2378870248794556,0.8692689538002014,0.2871821224689484,0.0345799438655376,0.1290781050920486
3039,0.4241549372673034,0.1377043575048446,0.4332015812397003,1.0,0.2212101072072982,0.0285197161138057,0.1465198695659637,0.3607636094093322,0.8046895265579223,0.3204435110092163,0.0705458000302314,0.1826459765434264
3040,0.263567566871643,0.0892913714051246,0.0605331733822822,0.2009063214063644,0.0575645230710506,0.0302702356129884,0.1048117354512214,0.3527777791023254,1.0,0.3598502278327941,0.0919296815991401,0.1015968397259712
3041,0.22910338640213,0.0704045593738555,0.0389991663396358,0.1629763096570968,0.0893859192728996,0.0293248817324638,0.1126879155635833,0.5100939273834229,1.0,0.3556190431118011,0.0790980607271194,0.0837307646870613
3042,0.2868640124797821,0.0528614185750484,0.2007336318492889,0.6614892482757568,0.2220753282308578,0.0325587317347526,0.1299697756767272,0.4872065484523772,1.0,0.3568463623523712,0.0795964151620864,0.1198074594140052
3043,0.1943940073251724,0.11838448792696,0.6288537979125977,0.4440865814685821,0.0897845923900604,0.0323963984847068,0.1067856699228286,0.3382556736469269,1.0,0.3641781806945801,0.0693858191370964,0.0764887705445289
3044,0.1210758164525032,0.1056250184774398,0.6864028573036194,1.0,0.315805047750473,0.0320816561579704,0.1073406487703323,0.4584468603134155,0.9306280016899108,0.2976891994476318,0.0574559271335601,0.0615977458655834
3045,0.2252866476774216,0.0945000126957893,0.1712279766798019,0.7777116894721984,0.3389900624752044,0.0279019251465797,0.0880379229784011,0.4178261756896972,1.0,0.3117027878761291,0.0534225217998027,0.0734535530209541
3046,0.5795773267745972,0.1074795126914978,0.2458090335130691,0.365960419178009,0.061925359070301,0.019073735922575,0.098302312195301,0.4215988218784332,1.0,0.3068205714225769,0.0612706430256366,0.2177104502916336
3047,0.1897717416286468,0.0606986992061138,0.4614283144474029,0.5794119238853456,0.0941223055124282,0.0200196169316768,0.0785967707633972,0.3065157234668732,1.0,0.3002626001834869,0.0498586893081665,0.1249191388487815
3048,0.2115451097488403,0.0454517416656017,0.0838850885629654,0.2367409765720367,0.0588148832321167,0.0186342522501945,0.0999713167548179,0.3855960369110107,1.0,0.2966952323913574,0.0401297397911548,0.10090983659029
3049,0.3315381109714508,0.0734379887580871,0.1893067359924316,0.6722208857536316,0.2405465394258499,0.0244767274707555,0.0743698477745056,0.3368852734565735,1.0,0.3243420124053955,0.0421319380402564,0.1217906177043914
3050,0.3756857514381408,0.0725778117775916,0.5513418316841124,0.7771729230880737,0.0935087725520134,0.0186760555952787,0.0617547631263732,0.2711645066738128,1.0,0.3207432627677917,0.0401491671800613,0.1535728871822357
3051,0.2165337055921554,0.0326874516904354,0.0861484408378601,0.1763725131750106,0.0489649884402751,0.0257876086980104,0.0851414203643798,0.2801924645900726,1.0,0.328757107257843,0.0393841229379177,0.1005532965064048
3052,0.1794748455286026,0.0555934272706508,0.0346622206270694,0.0985547751188278,0.0210656113922596,0.0192377176135778,0.0892655849456787,0.311629980802536,1.0,0.3127695024013519,0.0281441062688827,0.0655837729573249
3053,0.1134144812822342,0.0547423660755157,0.2375061959028244,0.4785357713699341,0.1289194524288177,0.0147885670885443,0.0353620760142803,0.2337144166231155,1.0,0.2903215289115906,0.0212919898331165,0.0266660507768392
3054,0.0878436863422394,0.1092663407325744,0.1745234727859497,0.1957747042179108,0.0945770442485809,0.0143256625160574,0.0250605456531047,0.2293564975261688,1.0,0.281863272190094,0.0225286874920129,0.0186699777841568
3055,0.1185233294963836,0.1571734547615051,0.0497111827135086,0.3271229863166808,0.6002396941184998,0.0881082192063331,0.0252822805196046,0.2359736263751984,1.0,0.293169766664505,0.0198549199849367,0.0188056416809558
3056,0.1622254550457,0.2501128613948822,0.1162794455885887,0.240648403763771,0.3856455981731415,0.1116017624735832,0.0306218676269054,0.2665555775165558,1.0,0.3001836538314819,0.0211854707449674,0.023795761168003
3057,0.2273806482553482,0.4167554974555968,0.1121372580528259,0.1868694126605987,0.3463437259197235,0.0530962757766246,0.0325056873261928,0.3218427002429962,1.0,0.282189130783081,0.0211455952376127,0.0284356251358985
3058,0.1312897652387619,0.3043147325515747,0.1689515113830566,0.1751371622085571,0.1596541553735733,0.0350391082465648,0.0299914423376321,0.2639543712139129,1.0,0.2828260660171509,0.0199831314384937,0.0230673197656869
3059,0.0761731043457984,0.1072941720485687,0.0790043771266937,0.2923417389392853,0.640076220035553,0.147536352276802,0.028328439220786,0.1953673511743545,1.0,0.2917481958866119,0.0186694040894508,0.0238549392670392
3060,0.0862056910991668,0.0910441055893897,0.0452861525118351,0.1542682945728302,0.3847809135913849,0.108214184641838,0.0290542878210544,0.1956489533185959,1.0,0.2955363094806671,0.019378250464797,0.0214755702763795
3061,0.0706569924950599,0.1635959446430206,0.0565586872398853,0.1923836320638657,0.3659398257732391,0.0701342597603797,0.0306884869933128,0.2393299043178558,1.0,0.2863005101680756,0.0602082312107086,0.0191569179296493
3062,0.0862528681755065,0.2182799875736236,0.0830476433038711,0.4402462542057037,0.7035011053085327,0.0988610759377479,0.0333607532083988,0.2683486938476562,1.0,0.2801444232463836,0.0625725984573364,0.0235606804490089
3063,0.085612878203392,0.2171262949705124,0.0548101663589477,0.3711154758930206,0.6932122111320496,0.2017236351966857,0.0291262920945882,0.235482633113861,1.0,0.2916870415210724,0.083262838423252,0.0255572479218244
3064,0.0726810693740844,0.1617112457752227,0.0503763332962989,0.2867080271244049,0.4799522459506988,0.1193591430783271,0.0194968171417713,0.2226274013519287,1.0,0.2800273895263672,0.0698526501655578,0.0246985591948032
3065,0.1602337509393692,0.3690788447856903,0.1037559583783149,0.5154951810836792,1.0,0.1630284488201141,0.0168556906282901,0.2069118469953536,0.9743503928184508,0.2720070779323577,0.0768942981958389,0.0301843807101249
3066,0.1310036331415176,0.2543395161628723,0.0679809972643852,0.3288838565349579,0.6490692496299744,0.1525062024593353,0.0171956401318311,0.2136745452880859,1.0,0.2677128612995148,0.0720886439085006,0.0252777244895696
3067,0.1002821698784828,0.1837523281574248,0.0464494600892066,0.2786162793636322,0.563161075115204,0.1847462803125381,0.0232186838984489,0.2120101451873779,1.0,0.2879875600337982,0.0807919949293136,0.0287569444626569
3068,0.013036461547017,0.0516329258680343,0.0628378391265869,0.5100759267807007,1.0,0.15931436419487,0.0113913873210549,0.1079612001776695,0.5625810027122498,0.1762525141239166,0.1064022928476333,0.0235871896147728
3069,0.024435831233859,0.0320924222469329,0.1753357201814651,0.4294547140598296,1.0,0.37239208817482,0.0308886747807264,0.1568588316440582,0.7396267652511597,0.2376841455698013,0.1037835106253624,0.0243414808064699
3070,0.1051632538437843,0.0668039321899414,0.0886959210038185,0.3480443060398102,0.1836213618516921,0.0502006374299526,0.0632341280579567,0.2574714422225952,1.0,0.3641819059848785,0.2949891686439514,0.0634172707796096
3071,0.2296841144561767,0.1261666566133499,0.1014128923416137,0.4460711777210236,0.2692697644233704,0.1149041205644607,0.5243270397186279,0.5095909237861633,1.0,0.3387575447559356,0.3729122579097748,0.1518650203943252
3072,0.2034423053264617,0.1728196144104004,0.2047735303640365,0.5347961783409119,0.1480156034231186,0.0743360295891761,0.6183872222900392,0.6493555903434753,1.0,0.3670473992824553,0.2656193077564239,0.0813254714012146
3073,0.1823222488164901,0.1571670174598693,0.1863827556371688,0.4703835248947144,0.1427706480026245,0.2366068065166473,1.0,0.5573248863220215,0.9276224374771118,0.4430713355541228,0.5921626091003418,0.0916011556982994
3074,0.1420655101537704,0.0785459280014038,0.1002401933073997,0.3038167655467987,0.1017636656761169,0.0892457515001297,0.3412295877933502,0.4837901890277863,1.0,0.4490252435207367,0.868632733821869,0.1417835801839828
3075,0.1343850940465927,0.0573970265686512,0.1165194734930992,0.5065079927444458,0.1456301212310791,0.0857216119766235,0.5326557159423828,0.5816938877105713,1.0,0.3687113523483276,0.5867487788200377,0.1491810381412506
3076,0.0339192561805248,0.0279515609145164,0.0461790524423122,0.1594717651605606,0.0468259826302528,0.0427310653030872,0.2945660352706908,0.3156142234802246,0.3289960026741028,0.2354058176279068,1.0,0.198124885559082
3077,0.0860914140939712,0.0481519065797328,0.1529508084058761,0.6735274195671082,0.1894581764936447,0.0857773125171661,0.2727457880973816,0.4128857553005218,0.623963475227356,0.3251080513000488,1.0,0.2477689683437347
3078,0.1140368655323982,0.0673516914248466,0.1881193667650222,0.7223358154296875,0.1779474169015884,0.2143059372901916,0.5767753720283508,0.544891893863678,1.0,0.5444799065589905,0.9629788398742676,0.1425471603870391
3079,0.0245937351137399,0.0221256595104932,0.1407825201749801,0.4046647846698761,0.0577286072075367,0.0997350364923477,0.8252290487289428,1.0,0.7405197024345398,0.4364281296730041,0.7742360234260558,0.0765717476606369
3080,0.0333923622965812,0.0502884536981582,0.1335037052631378,0.4335952997207641,0.0779811069369316,0.0450035780668258,0.3008019030094147,0.4555675089359283,1.0,0.356418251991272,0.2616199553012848,0.0289679057896137
3081,0.0418651401996612,0.0434772484004497,0.0656768903136253,0.1686383783817291,0.0353609472513198,0.0438013635575771,0.4824504554271697,0.7470197677612304,0.5543746948242188,0.3847379386425018,1.0,0.1112086772918701
3082,0.0443853624165058,0.0954534709453582,0.204373612999916,0.5023013949394226,0.0826550275087356,0.1311713457107544,1.0,0.7059706449508666,0.552945077419281,0.2705454528331756,0.3523305654525757,0.0441871620714664
3083,0.0611340664327144,0.0994769111275672,0.2443764358758926,0.3639047741889953,0.0579054914414882,0.1490870267152786,1.0,0.5309612154960632,0.4833010137081145,0.1954044997692108,0.1204512044787406,0.0181850735098123
3084,0.05046172067523,0.069439060986042,0.1465848386287689,0.3306298553943634,0.083529382944107,0.1536647677421569,1.0,0.4920167624950409,0.318317413330078,0.1267606914043426,0.1947748214006424,0.0451737344264984
3085,0.0840923711657524,0.1648087203502655,0.0808596462011337,0.1987441033124924,0.097526267170906,0.1119410544633865,0.7489498257637024,0.5397256016731262,0.3280993402004241,0.2823576629161834,1.0,0.3921452164649963
3086,0.1402245908975601,0.2817580699920654,0.1177879720926284,0.3349518775939941,0.2944052815437317,0.0955329984426498,0.3721611797809601,1.0,0.5818061828613281,0.2832044959068298,0.440036803483963,0.5721669793128967
3087,0.0555023625493049,0.0674967020750045,0.0376529507339,0.1795046329498291,0.2645079493522644,0.0810692310333251,0.3324188590049744,1.0,0.5136070251464844,0.2205353528261184,0.1256534606218338,0.1063085347414016
3088,0.1096858829259872,0.0456539690494537,0.0576214790344238,0.2710564732551574,0.4108854532241821,0.1124761179089546,0.206407755613327,0.9268386363983152,1.0,0.3450503945350647,0.2474417388439178,0.4216234683990479
3089,0.054925013333559,0.0554958917200565,0.0386552549898624,0.2743164598941803,0.3194032609462738,0.0462858043611049,0.0781578123569488,0.688384175300598,1.0,0.1787757277488708,0.1538435816764831,0.2640162706375122
3090,0.1070937290787696,0.0957389771938324,0.070579208433628,0.3816329836845397,0.4182850122451782,0.0657837837934494,0.0908681750297546,0.580924391746521,0.8497896194458007,0.2400544881820678,0.4806215167045592,1.0
3091,0.0538840852677822,0.0150584038347005,0.0263669025152921,0.171128824353218,0.1993681788444519,0.0384699627757072,0.0414022020995616,0.3060774207115173,1.0,0.2583218216896056,0.1597570031881332,0.4274249374866485
3092,0.0836238488554954,0.0305663011968135,0.056250799447298,0.3182177543640136,0.3803824484348296,0.0551778227090835,0.026203254237771,0.2664462924003601,1.0,0.2827956974506378,0.123605877161026,0.439039409160614
3093,0.052099622786045,0.0161287505179643,0.0493951253592968,0.2276018410921096,0.1615791171789169,0.031014135107398,0.0244602877646684,0.3646355867385864,1.0,0.2028427124023437,0.0938195660710334,0.2879085540771484
3094,0.0219800304621458,0.005530962254852,0.0287428218871355,0.1549607217311859,0.1310301125049591,0.0187624916434288,0.0146959368139505,0.231026142835617,1.0,0.2544830739498138,0.0343051254749298,0.0639534145593643
3095,0.0609136335551738,0.0084611549973487,0.0351868048310279,0.1905372738838196,0.2501482963562012,0.0400550477206707,0.0165205299854278,0.3962542116641998,1.0,0.208374798297882,0.0866918042302131,0.338586926460266
3096,0.0284233633428812,0.0048840153031051,0.0490717664361,0.2125648111104965,0.2381444871425628,0.0319502912461757,0.0187312215566635,0.3690522015094756,1.0,0.1810890287160873,0.1545009911060333,0.3292697072029114
3097,0.0696644335985183,0.0082567874342203,0.0130691919475793,0.1151681840419769,0.1748867928981781,0.0265823379158973,0.026027575135231,0.3877024054527282,1.0,0.1967105269432068,0.0863233655691146,0.3796156048774719
3098,0.0520510859787464,0.009322078898549,0.0262777153402566,0.1860178858041763,0.1992521882057189,0.0376968644559383,0.098870001733303,0.6412227153778076,1.0,0.2614138126373291,0.298632949590683,0.5172370672225952
