,C,C#,D,D#,E,F,F#,G,G#,A,A#,B
1089,0.6892039775848389,0.6024342179298401,0.1934408992528915,0.115876629948616,0.1000362560153007,0.4315356612205505,1.0,0.8914774060249328,0.659090518951416,0.7809309363365173,0.7463870644569397,0.2882281839847564
1090,0.3683825135231017,0.5330500602722168,0.2453147619962692,0.17793570458889,0.1397548913955688,0.5547782778739929,1.0,0.7525429725646973,0.4967083930969238,0.7579738497734071,0.8066461086273193,0.186909794807434
1091,0.6916261911392212,1.0,0.3389736115932464,0.1390477418899536,0.2067738175392151,0.5680544972419739,0.9532304406166076,0.8197926878929137,0.5152521133422852,0.4271591901779175,0.5397830605506897,0.6080480217933655
1092,0.804654061794281,0.5898723006248474,0.2213041484355926,0.2050002366304397,0.3832661807537079,0.6266938447952272,0.5618801712989807,0.3121210634708404,0.2458197027444839,0.2561985850334167,0.6501196622848511,1.0
1093,0.6645721793174744,0.6307379603385925,0.2229721397161484,0.1403420716524124,0.2388650923967361,0.3145062327384949,0.3808964490890503,1.0,0.8608041405677795,0.1820929050445557,0.1061050966382026,0.0804874449968337
1094,0.4653248786926269,0.5435118675231934,0.1607630848884582,0.0977542176842689,0.84621524810791,0.4884204864501952,0.2685050368309021,1.0,0.8002395629882812,0.1359774768352508,0.1736803352832794,0.0979213863611221
1095,0.3357569277286529,0.5904993414878845,0.1716497540473938,0.0860828980803489,0.873761236667633,0.7115145921707153,0.4177387356758117,0.9814442992210388,1.0,0.1584266573190689,0.1702041327953338,0.0648119747638702
1096,0.5531156063079834,0.7365667819976807,0.2962729930877685,0.0916342437267303,0.3830706477165222,0.5454667210578918,0.6210204362869263,0.8528894782066345,1.0,0.3025741279125213,0.3990541696548461,0.4166043698787688
1097,0.339178055524826,1.0,0.4517591893672943,0.1116848289966583,0.110219195485115,0.3994153439998626,0.8170810341835022,0.2896873950958252,0.3642121255397796,0.4635785520076752,0.6859033703804016,0.2149292826652526
1098,0.2008661925792694,0.8967042565345763,0.3470906019210815,0.11749979108572,0.1320576965808868,0.4405503869056701,1.0,0.3335922360420227,0.2643352150917052,0.2427617758512496,0.4062807559967041,0.1279609501361847
1099,0.2400645464658737,1.0,0.3745373487472534,0.1072391718626022,0.1900827437639236,0.5171718001365662,0.9608397483825684,0.5119470357894897,0.4660933911800385,0.2188865542411804,0.2734883427619934,0.1093093529343605
1100,0.1826438903808593,1.0,0.4720664620399475,0.0315144844353199,0.0183036904782056,0.0542729198932647,0.1040014177560806,0.0698271170258522,0.1606028974056244,0.0454246886074542,0.0261308476328849,0.0250271689146757
1101,0.1111291199922561,1.0,0.5323584675788879,0.0181802101433277,0.0087915500625967,0.0247316975146532,0.0280063971877098,0.0186999980360269,0.0490790233016014,0.032668299973011,0.0247899293899536,0.0125404996797442
1102,0.235722690820694,1.0,0.3826336562633514,0.01875776425004,0.0146727915853261,0.0499568320810794,0.0687845721840858,0.0733379274606704,0.2816854417324066,0.0944398641586303,0.0376885645091533,0.0201886557042598
1103,0.5521876215934753,1.0,0.2253482043743133,0.0202316921204328,0.0454818867146968,0.1267489641904831,0.2101404070854187,0.1864663958549499,0.2039751559495925,0.0916150957345962,0.1034785434603691,0.0594657845795154
1104,0.3686988055706024,1.0,0.2360811233520508,0.0099843917414546,0.0182287488132715,0.0505388267338275,0.0633059963583946,0.0696511790156364,0.1245273053646087,0.0553119778633117,0.0542356073856353,0.0227698981761932
1105,0.3584430813789368,1.0,0.2377236038446426,0.0064128991216421,0.0100258002057671,0.0220770835876464,0.0139909703284502,0.0234487894922494,0.0757279098033905,0.0184862241148948,0.0309727378189563,0.0204215366393327
1106,1.0,0.7778878211975098,0.1098962649703025,0.003763715038076,0.0064596808515489,0.0139455050230026,0.0090690329670906,0.0154364323243498,0.0428871512413024,0.0112032676115632,0.0368511155247688,0.2658014595508575
1107,0.3459166288375854,0.7353900074958801,0.2306844741106033,0.0646707490086555,0.1760353446006775,0.387724369764328,0.4568043947219848,0.4437832832336426,0.8389732241630553,0.4380545616149902,1.0,0.4336115419864655
1108,0.201100081205368,1.0,0.5279418230056763,0.1355572938919067,0.204106330871582,0.3532119691371918,0.4913113117218017,0.410016119480133,0.5147879719734192,0.2614218592643738,0.7711455821990967,0.3657076954841614
1109,0.4770143926143646,1.0,0.278603732585907,0.0187426283955574,0.0192463565617799,0.0416923314332962,0.0349846817553043,0.055515456944704,0.1950079947710036,0.0658026412129402,0.0584159791469574,0.0606743842363357
1110,0.2076143175363541,1.0,0.2550223767757416,0.006032130215317,0.0130635779350996,0.0404024496674537,0.0384628362953662,0.0430003479123115,0.1676284819841385,0.0394516102969646,0.0137985842302441,0.0095053752884268
1111,0.3261939287185669,1.0,0.24304361641407,0.0059937704354524,0.0151360826566815,0.0485995188355445,0.0278619956225156,0.0559187307953834,0.2258519828319549,0.0354090295732021,0.0233361665159463,0.015038170851767
1112,0.3611965179443359,1.0,0.2282105535268783,0.0058923517353832,0.0067921793088316,0.0211768634617328,0.0157900135964155,0.079780176281929,0.3744511902332305,0.052787285298109,0.0195830166339874,0.0175627768039703
1113,0.2196835130453109,1.0,0.352073460817337,0.0106335692107677,0.013640210032463,0.0642478242516517,0.0312759205698967,0.0565952360630035,0.4217328429222106,0.1106421500444412,0.0160770546644926,0.0119342617690563
1114,0.1697872877120971,1.0,0.4049685299396514,0.0120857413858175,0.010305693373084,0.0476562194526195,0.0256183966994285,0.0472164712846279,0.351777970790863,0.098392367362976,0.0232357643544673,0.0137622514739632
1115,0.1803584992885589,1.0,0.4254107475280761,0.0134020913392305,0.0040978007018566,0.010987457819283,0.0175904128700494,0.0259319599717855,0.1863605678081512,0.0556329227983951,0.0163900833576917,0.0114694014191627
1116,0.6449286937713623,1.0,0.1540016382932662,0.0040168911218643,0.006355129648,0.0207645464688539,0.0098419487476348,0.006518910638988,0.0182277224957942,0.00700961984694,0.0079021016135811,0.0460160188376903
1117,0.438293993473053,1.0,0.2222646623849868,0.0054936334490776,0.0035076206550002,0.0101997619494795,0.0034495897125452,0.0034527038224041,0.0081793926656246,0.003990929108113,0.0107100354507565,0.0274841357022523
1118,0.1934642195701599,1.0,0.3736992180347442,0.0095856562256813,0.0035381901543587,0.0140583412721753,0.0129357054829597,0.0106028625741601,0.0206725616008043,0.007944356650114,0.0138774197548627,0.0087691843509674
1119,0.2316742241382599,1.0,0.3368925750255584,0.0104401614516973,0.0075751231051981,0.0169970747083425,0.0283041801303625,0.0322408378124237,0.0908219814300537,0.0232448522001504,0.0147850606590509,0.0118464445695281
1120,0.3902136087417602,1.0,0.3084317147731781,0.010437618009746,0.0065925070084631,0.0121241845190525,0.0208963528275489,0.0344316847622394,0.0936435163021087,0.0200833026319742,0.0211250931024551,0.0338145568966865
1121,1.0,0.845015287399292,0.3847193717956543,0.0577850639820098,0.0933920070528984,0.2249060869216918,0.1378658264875412,0.1088930144906044,0.2494083493947982,0.2300937920808792,0.4860623776912688,0.4592370688915252
1122,0.3896198868751525,0.8737642168998718,0.3408566415309906,0.0676766037940979,0.1566297560930252,0.3821839690208435,0.3996897637844085,0.3131467998027801,0.4012672007083893,0.4535021483898162,1.0,0.5195195078849792
1123,0.3528016805648804,0.8280957341194154,0.3730772137641906,0.1167565807700157,0.3163697123527527,0.6855596899986267,0.9538651704788208,0.9241733551025392,0.8643026351928712,0.6813248991966248,1.0,0.5199865698814392
1124,0.214246392250061,0.5735480785369873,0.2119605839252472,0.0626180991530418,0.1626799702644348,0.3113999366760253,0.380854606628418,0.3859627246856689,0.4196455776691437,0.3398720622062683,1.0,0.4335441291332245
1125,0.890572488307953,1.0,0.4128678739070892,0.0790317878127098,0.1637994945049286,0.2733671963214874,0.2357966005802154,0.1597115695476532,0.1794822216033935,0.2509486675262451,0.7624093890190125,0.4972059428691864
1126,0.9475656151771544,1.0,0.1797236204147339,0.0140777938067913,0.0273235403001308,0.05702655762434,0.1204268485307693,0.1459111720323562,0.1204243376851081,0.073629580438137,0.0613515153527259,0.1231025233864784
1127,1.0,0.7040702700614929,0.1124636977910995,0.0075995652005076,0.0126404166221618,0.019215665757656,0.0349291563034057,0.0882137194275856,0.0723969191312789,0.0630138516426086,0.165631741285324,0.1671674847602844
1128,1.0,0.5151524543762207,0.1352645009756088,0.0291626565158367,0.0647099912166595,0.1225706189870834,0.199624627828598,0.2591283023357391,0.1424526274204254,0.0870451480150222,0.1764191389083862,0.2294848561286926
1129,1.0,0.540455996990204,0.0556741766631603,0.0127997938543558,0.0423199459910392,0.0610178112983703,0.1104191690683364,0.138229638338089,0.088044486939907,0.0598561875522136,0.1088160797953605,0.2102500051259994
1130,1.0,0.4471859633922577,0.0481083653867244,0.0084345629438757,0.0330910794436931,0.0275742802768945,0.0367218777537345,0.0381467416882514,0.0494100637733936,0.0371150039136409,0.0813390687108039,0.2045024186372756
1131,1.0,0.3333010971546172,0.045814748853445,0.0102103957906365,0.0398404635488987,0.0424270145595073,0.0486674606800079,0.0342049002647399,0.045871514827013,0.0497628897428512,0.1216858029365539,0.2917971611022948
1132,1.0,0.444499909877777,0.0730333253741264,0.0107182236388325,0.0221486669033765,0.0417823977768421,0.0602430589497089,0.1012234389781952,0.071941539645195,0.0450439564883708,0.0743421465158462,0.2639990746974945
1133,1.0,0.4026502668857574,0.104972243309021,0.0287033598870038,0.0872639492154121,0.0682809054851532,0.0864643976092338,0.0915601477026939,0.0893644988536834,0.0600946359336376,0.0940632671117782,0.2720018625259399
1134,1.0,0.609437108039856,0.1167299970984458,0.0464549511671066,0.1827941536903381,0.2478523403406143,0.2736908495426177,0.1719206869602203,0.1013615131378173,0.0542005412280559,0.0831342339515686,0.1794543117284774
1135,1.0,0.5297296047210692,0.0800349339842796,0.0345297642052173,0.1198251321911811,0.2407454252243041,0.3626710176467896,0.2439606934785843,0.2827794849872588,0.2415290176868438,0.2633296251296997,0.3318608105182648
1136,1.0,0.4929775297641753,0.0843584612011909,0.0063212602399289,0.0118512585759162,0.0355710536241531,0.0549802482128143,0.0383931137621402,0.0407451428472995,0.042930107563734,0.0744264125823974,0.382777065038681
1137,1.0,0.3812677264213561,0.0562755092978477,0.007273634430021,0.020719876512885,0.0551679283380508,0.0745912492275238,0.0605521313846111,0.0572432614862918,0.0573180317878723,0.1147847026586532,0.3476646244525909
1138,1.0,0.5024554133415222,0.0947339385747909,0.0087455743923783,0.0237129796296358,0.0555187910795211,0.0796097666025161,0.0593926198780536,0.0634506046772003,0.0455117523670196,0.0862371698021888,0.3115220367908478
1139,1.0,0.24779112637043,0.0542057938873767,0.0096414238214492,0.0343560054898262,0.0941852405667305,0.1183651611208915,0.0804488211870193,0.1124722957611084,0.1055488586425781,0.2864687442779541,0.8172273635864259
1140,0.3382214903831481,0.2648386657238006,0.0655160248279571,0.0176778174936771,0.0813414677977562,0.2124879509210586,0.2008183300495148,0.1412825733423233,0.1134887039661407,0.6510204076766968,1.0,0.5816201567649841
1141,0.0792885795235633,0.1392584145069122,0.0382177680730819,0.0065625505521893,0.0159840285778045,0.0438067428767681,0.0599099993705749,0.0414214171469211,0.0393402650952339,0.3228398263454436,1.0,0.486245721578598
1142,0.4996384382247925,1.0,0.387508600950241,0.1353100687265396,0.3287730813026428,0.4936704039573669,0.4787653982639313,0.3245195746421813,0.5124896764755249,0.5244728922843933,0.8769129514694214,0.4767927825450896
1143,0.2130321562290192,0.7751552462577821,0.2780721485614776,0.0702152103185653,0.4085350930690765,1.0,0.7520435452461242,0.3362558782100677,0.8498867750167847,0.4118134677410126,0.3489239513874053,0.1837096661329269
1144,0.0701942592859268,0.1891074031591415,0.0794317498803138,0.0316263139247894,0.2577888369560241,1.0,0.3624013662338257,0.2835270166397095,0.5774186253547668,0.1651235520839691,0.0945051088929176,0.0425878651440143
1145,0.0524046272039413,0.1728776097297668,0.0795139148831367,0.0282117873430252,0.3183209896087646,1.0,0.1799173504114151,0.1361313760280609,0.3723977506160736,0.1164938658475875,0.1571747958660125,0.0552364625036716
1146,0.4978639185428619,0.900495707988739,0.2940816581249237,0.0703555271029472,0.5359693765640259,1.0,0.7347213029861449,0.4237880110740661,0.456677496433258,0.1795724183320999,0.568048357963562,0.2529371082782745
1147,1.0,0.2913639843463897,0.082764908671379,0.0503982901573181,0.1172702014446258,0.130828320980072,0.4935042560100555,0.3952930867671967,0.0779510736465454,0.0907832384109497,0.1985486298799514,0.589496910572052
1148,0.1494337171316146,0.1184900030493736,0.050657283514738,0.0076923454180359,0.0918912664055824,0.3470069766044616,0.1302295625209808,0.0427242256700992,0.0464552529156208,0.2536553740501404,1.0,0.8437531590461731
1149,0.1668642610311508,0.6348092555999756,0.2307698875665664,0.0444514900445938,0.1955699920654297,0.6277475357055664,0.4242437183856964,0.3819968700408936,1.0,0.6403476595878601,0.3819022476673126,0.1020387336611747
1150,0.0310919415205717,0.1818707734346389,0.1111559048295021,0.0172866005450487,0.0963514000177383,0.484703004360199,1.0,0.7639585733413696,0.1961537003517151,0.032280396670103,0.0793690904974937,0.0196419730782508
1151,0.0557641685009002,0.2194424867630005,0.1133170649409294,0.1239159330725669,0.600464940071106,1.0,0.5462116599082947,0.1963768899440765,0.1072700470685958,0.0693385228514671,0.1567432582378387,0.0695522129535675
1152,0.0311479493975639,0.0294404458254575,0.0173705872148275,0.1551601886749267,0.66646808385849,1.0,0.5021340250968933,0.089674636721611,0.0975936502218246,0.0702117383480072,0.0382018089294433,0.036145694553852
1153,0.2566539347171783,0.0663065984845161,0.0384447500109672,0.2449079006910324,0.8171641230583192,1.0,0.3016159832477569,0.1086277589201927,0.1519292443990707,0.1246683299541473,0.0531048700213432,0.1349758803844452
1154,0.1776650995016098,0.0538851208984851,0.0251161139458417,0.1961304545402526,0.7963035106658934,1.0,0.2666504383087158,0.0258215516805648,0.0206158049404621,0.0212306529283523,0.0431647188961505,0.1019226387143135
1155,0.0384338721632957,0.0973219200968742,0.0346543304622173,0.13868348300457,0.6614201664924622,1.0,0.3821984827518463,0.0428480356931686,0.0547128990292549,0.0452656298875808,0.0195139460265636,0.0169100631028413
1156,0.1065282225608825,0.1485899686813354,0.0391930676996707,0.0299919284880161,0.4140580892562865,1.0,0.6291765570640564,0.0550503768026828,0.0378985814750194,0.0503238402307033,0.0245227478444576,0.0179407857358455
1362,0.6025465130805969,0.4520005285739898,0.5704166293144226,0.5741106271743774,0.6150506138801575,0.6541945934295654,0.8414464592933655,1.0,0.8883910179138182,0.6430342197418213,0.725042998790741,0.3384653627872467
1363,0.1310108304023742,0.2077458053827285,0.2664580047130584,0.3878669440746307,0.7716568112373352,1.0,0.8248986005783081,0.462022989988327,0.2350930422544479,0.1693740040063858,0.2642925083637237,0.0976730063557624
1364,1.0,0.2749015986919403,0.1256150603294372,0.0705259814858436,0.048900056630373,0.0647363662719726,0.2218339145183563,0.2067685574293136,0.049482025206089,0.0404489450156688,0.1679402440786361,0.71392422914505
1365,1.0,0.552155077457428,0.0774936825037002,0.0372364148497581,0.0644560754299163,0.0790688768029213,0.1156360208988189,0.1502498835325241,0.1064260751008987,0.0456622652709484,0.058576114475727,0.216209128499031
1366,0.8771124482154846,1.0,0.1665181517601013,0.0541584640741348,0.1104787588119506,0.1574169993400573,0.2140718102455139,0.3412844836711883,0.3606305420398712,0.1041941493749618,0.0917593389749526,0.110366404056549
1367,0.9290322065353392,1.0,0.3865740001201629,0.1945219039916992,0.313421368598938,0.5075726509094238,0.8199754953384398,0.6408875584602356,0.5503044128417969,0.7213855385780334,0.7883898615837097,0.2978760600090027
1368,0.2237357050180435,0.6075201630592345,0.4370159208774567,0.1597784757614135,0.2594358026981354,0.6519139409065248,1.0,0.531440794467926,0.5986424684524536,0.6791656613349915,0.9411123394966124,0.2063021808862686
1369,0.2507755458354949,0.6073804497718811,0.4603847563266753,0.2039768695831298,0.3999408483505249,0.7888134717941283,1.0,0.7467871308326721,0.6999484896659851,0.5609458088874817,0.7977594733238221,0.1750703155994415
1370,0.2811540067195892,0.6159833073616028,0.3482738733291625,0.1614463478326797,0.3111191093921661,0.5870036482810974,1.0,0.729030191898346,0.5865846872329712,0.4607594609260559,0.5051447749137878,0.1513055115938186
1371,0.7360191941261292,0.923257291316986,0.4683483242988586,0.1904137879610061,0.4049925208091736,0.6686268448829651,1.0,0.846798300743103,0.3920649588108063,0.2718452513217926,0.4678170680999756,0.2770171165466308
1372,0.5423449277877808,1.0,0.1892336159944534,0.0261591635644435,0.0420464649796485,0.06223014742136,0.0732942372560501,0.0592451877892017,0.0435563176870346,0.0178636536002159,0.0458242483437061,0.0433413013815879
1373,0.352962464094162,1.0,0.2741217017173767,0.0099273715168237,0.0082755954936146,0.0111576206982135,0.01120918802917,0.0113112675026059,0.0232532173395156,0.0078228693455457,0.0244971886277198,0.0176564194262027
1374,0.5841838717460632,1.0,0.1737581044435501,0.0074956184253096,0.0092407688498497,0.0185747481882572,0.027488911524415,0.0259019769728183,0.0266970582306385,0.0197710711508989,0.0778656229376792,0.0454585067927837
1375,0.46776282787323,1.0,0.1701354831457138,0.0137225314974784,0.0266909524798393,0.0508881136775016,0.0770643651485443,0.0753240808844566,0.0673998892307281,0.0283091273158788,0.066588245332241,0.0288799423724412
1376,0.4461853504180908,1.0,0.2093741297721862,0.0082542039453983,0.0129840839654207,0.0204819496721029,0.0283120218664407,0.0265194922685623,0.0240671746432781,0.0062521072104573,0.0067715710029006,0.0189876854419708
1377,0.6710205078125,1.0,0.1934451162815093,0.0130902761593461,0.0204317588359117,0.0336846075952053,0.0631906315684318,0.0358423143625259,0.0393596030771732,0.0267972126603126,0.0732535570859908,0.0903718397021293
1378,0.2197037488222122,0.4768053591251373,0.215350478887558,0.0412274487316608,0.083665132522583,0.187246635556221,0.4302431643009186,0.2466388046741485,0.225383922457695,0.2236872911453247,1.0,0.80471134185791
1379,0.268480122089386,1.0,0.5083028674125671,0.0846438109874725,0.1936387866735458,0.3670026659965515,0.610090970993042,0.330374538898468,0.2050779759883881,0.1535662114620208,0.3895705044269562,0.1747854501008987
1380,0.2914077937602997,1.0,0.4069382548332214,0.0504716821014881,0.0834348574280738,0.1335542201995849,0.1304930001497268,0.0886525064706802,0.1044481396675109,0.0813924670219421,0.1635547280311584,0.0597713515162468
1381,0.1585725843906402,1.0,0.4133478701114655,0.0195156820118427,0.0131706679239869,0.0774627178907394,0.0517112985253334,0.0327549241483211,0.0928054749965667,0.0408521816134452,0.0642334669828414,0.0219598300755023
1382,0.1896806210279464,1.0,0.3631285727024078,0.0181892327964305,0.0581197924911975,0.2486802041530608,0.0935938358306884,0.1093915626406669,0.4639379978179932,0.1218274310231208,0.0798291638493537,0.0311131868511438
1383,0.137901023030281,0.6821595430374146,0.238001063466072,0.0157407838851213,0.2479627430438995,1.0,0.2112060040235519,0.1972782015800476,0.907225489616394,0.2145286500453948,0.1051667109131813,0.0400314182043075
1384,0.1837738752365112,0.9750951528549192,0.3351253569126128,0.025572745129466,0.1410434246063232,0.6315997242927551,0.1343568265438079,0.1680807173252105,1.0,0.2245491296052932,0.0920294299721717,0.0250491499900817
1385,0.26240473985672,1.0,0.2630453109741211,0.0116690574213862,0.0173199400305748,0.0579833425581455,0.0392237231135368,0.187618926167488,0.9790846109390258,0.1769137382507324,0.121676743030548,0.0338180139660835
1386,0.2450599074363708,1.0,0.30630624294281,0.0131790051236748,0.0286089591681957,0.0990762561559677,0.0432070605456829,0.1008911058306694,0.5875927209854126,0.1204521507024765,0.0871904790401458,0.0310730449855327
1387,0.718829870223999,1.0,0.5158520936965942,0.0421806126832962,0.0365236923098564,0.1353910565376281,0.1376335769891739,0.1689245998859405,0.9418516159057616,0.2383456230163574,0.3201286196708679,0.2256015837192535
1388,0.7947871088981628,1.0,0.1903675645589828,0.0092737535014748,0.0278649497777223,0.0587279163300991,0.0487452782690525,0.0294402223080396,0.0485067144036292,0.027068106457591,0.0686279907822609,0.1095082089304924
1389,0.0571969375014305,0.3108363151550293,0.2251448035240173,0.0504134483635425,0.0902259573340416,0.2044354230165481,0.2531783282756805,0.2693219184875488,1.0,0.2720086872577667,0.2360402941703796,0.0695573538541793
1390,0.1299770623445511,0.3187823295593261,0.1007124483585357,0.0128290485590696,0.0264599677175283,0.0813198238611221,0.1295881569385528,0.2334370613098144,1.0,0.2067323476076126,0.12455964833498,0.0643006265163421
1391,0.3390693962574004,1.0,0.2752899527549744,0.0179590303450822,0.0212291348725557,0.0601616352796554,0.0406307056546211,0.0706217586994171,0.2034594416618347,0.0746530443429947,0.1001086607575416,0.0410900861024856
1392,0.6898688673973083,1.0,0.221577987074852,0.0129023008048534,0.013383631594479,0.0428669527173042,0.0268665757030248,0.0619212500751018,0.2898705899715423,0.0838843658566474,0.1328943818807602,0.1536844372749328
1393,0.2995937466621399,1.0,0.4116613864898681,0.0500400960445404,0.067051962018013,0.160878524184227,0.158426895737648,0.1438182890415191,0.1803466826677322,0.1443762481212616,0.3604718744754791,0.1387843936681747
1394,0.2234538048505783,1.0,0.4798051118850708,0.063448742032051,0.100266546010971,0.2140536457300186,0.2310999333858489,0.2158571779727936,0.2886856198310852,0.2748920023441314,0.6986738443374634,0.1672431528568267
1395,0.2157421708106994,1.0,0.6149100065231323,0.0783162117004394,0.0998219698667526,0.2103742659091949,0.415668487548828,0.1673046499490738,0.1699424237012863,0.2952960729598999,0.8422789573669434,0.2669019997119903
1396,0.1260372549295425,1.0,0.7939872741699218,0.0519062057137489,0.058280024677515,0.1285507082939148,0.1037666425108909,0.082261137664318,0.1149755269289016,0.1292970776557922,0.3417611420154571,0.1346000880002975
1397,0.89223575592041,1.0,0.1684458255767822,0.0081152580678462,0.0074173524044454,0.0171986147761344,0.0080600222572684,0.0117060672491788,0.0351495742797851,0.0394931323826312,0.047151930630207,0.1504221111536026
1398,1.0,0.5221816897392273,0.0607041716575622,0.0036220275796949,0.0030993099790066,0.0046864645555615,0.005576645489782,0.0097354631870985,0.0176047068089246,0.0248233545571565,0.0549646019935607,0.1892884820699692
1399,1.0,0.5382786989212036,0.0549630299210548,0.0025363366585224,0.0041538807563483,0.0060991533100605,0.0062157125212252,0.0085877859964966,0.0093871774151921,0.0108241215348243,0.0299284309148788,0.2217732220888137
1400,1.0,0.3366153538227081,0.0375228971242904,0.0061169979162514,0.0154466908425092,0.0242926962673664,0.0235412064939737,0.0146804060786962,0.0204347167164087,0.0236731581389904,0.035106249153614,0.2869150042533874
1401,1.0,0.2607899904251098,0.0391291752457618,0.0087840789929032,0.0209851097315549,0.0176159106194973,0.0221963543444871,0.0328931473195552,0.0310252737253904,0.0443520620465278,0.0669377893209457,0.3748346269130706
1402,1.0,0.2734571695327759,0.0250597037374973,0.0064033968374133,0.0142307570204138,0.0140096023678779,0.0139615004882216,0.0140625657513737,0.0137108135968446,0.0147293303161859,0.047114048153162,0.3745709657669067
1403,1.0,0.2708597183227539,0.0178505908697843,0.0040039466693997,0.0116939516738057,0.0213034339249134,0.011130197905004,0.0047304495237767,0.0078417304903268,0.0051037496887147,0.0235195774585008,0.3819365501403808
1404,1.0,0.3171380758285522,0.0216207131743431,0.0040541593916714,0.0114980628713965,0.01167868450284,0.0094621507450938,0.0063684512861073,0.0077624949626624,0.0058685368858277,0.0228667389601469,0.3366893827915192
1405,1.0,0.3631951212882996,0.0198500268161296,0.0031213543843477,0.0073062372393906,0.009637483395636,0.0161023084074258,0.0176359806209802,0.0165191274136304,0.0132728647440671,0.0168861541897058,0.2687759399414062
1406,1.0,0.3290485739707947,0.0296624675393104,0.0061673251911997,0.0145367896184325,0.0194907430559396,0.0253616217523813,0.0230272598564624,0.0194492824375629,0.0145647246390581,0.0168560408055782,0.3023140430450439
1407,1.0,0.3231874406337738,0.0530642867088317,0.0069880685769021,0.0130585562437772,0.0247925501316785,0.0142459822818636,0.0130108846351504,0.0110928583890199,0.0106295198202133,0.0538043715059757,0.4864155352115631
1408,1.0,0.3231248259544372,0.0543557815253734,0.0053111766465008,0.0113642225041985,0.0464890077710151,0.0735656023025512,0.0695536509156227,0.0596150048077106,0.0433751083910465,0.0436400510370731,0.4592088162899017
1409,1.0,0.3902052640914917,0.095203012228012,0.0122085660696029,0.0141881834715604,0.0224235989153385,0.038158643990755,0.0539136976003646,0.0442229732871055,0.0341625697910785,0.0759955868124961,0.3322904109954833
1410,1.0,0.902390718460083,0.419705331325531,0.0483736619353294,0.0405534170567989,0.0696658045053482,0.2073808461427688,0.3019511103630065,0.1045436784625053,0.1136166229844093,0.3836638927459717,0.5224298238754272
1411,0.2258140444755554,0.1869347393512725,0.0978521704673767,0.0117345266044139,0.0156535934656858,0.0567400529980659,0.0235339924693107,0.0156477093696594,0.0437700599431991,0.2003915309906005,1.0,0.9947323203086852
1412,0.3784217536449432,0.2679983675479889,0.1015412583947181,0.0096574611961841,0.0143455993384122,0.037631519138813,0.0148986708372831,0.011109884828329,0.0318165756762027,0.0455303266644477,0.4628224372863769,1.0
1413,1.0,0.5699317455291748,0.0823435187339782,0.01401640009135,0.0243614241480827,0.0378109514713287,0.0301578678190708,0.0313176736235618,0.0607729814946651,0.0700028613209724,0.160458281636238,0.2996380627155304
1414,0.9883150458335876,1.0,0.1820459067821502,0.0124693419784307,0.0236567445099353,0.0657878369092941,0.0303665790706872,0.0401279591023922,0.1041390001773834,0.0458570346236228,0.1192801296710968,0.1511251479387283
1415,0.6027675867080688,1.0,0.1741702705621719,0.0110492464154958,0.032767828553915,0.0815982669591903,0.0364110022783279,0.0249478500336408,0.0498354658484458,0.0334766134619712,0.080426312983036,0.0703471824526786
1416,0.6764535903930664,1.0,0.1920955777168273,0.0131506463512778,0.1240361332893371,0.1956671327352524,0.065275564789772,0.0291899517178535,0.0337256081402301,0.059790764003992,0.1811961978673935,0.0884830504655838
1417,1.0,0.9775520563125608,0.1593238413333892,0.0290980730205774,0.1532264351844787,0.1022439822554588,0.10092843323946,0.1945786476135253,0.1272267401218414,0.1772859394550323,0.4268933832645416,0.2271264344453812
1418,0.3780995309352874,0.1189087703824043,0.0665114670991897,0.0746831521391868,0.1586217731237411,0.0903967097401618,0.329907327890396,0.1811565160751342,0.1063280552625656,0.3020185530185699,1.0,0.6097511649131775
1419,0.0679561123251915,0.0615804642438888,0.0238448940217494,0.0039246352389454,0.0116813462227582,0.0393525697290897,0.0568591952323913,0.0217541679739952,0.0665359422564506,0.3617489039897919,1.0,0.5049025416374208
1420,0.0380485132336616,0.1870086044073104,0.1197645589709282,0.0192304383963346,0.0218641627579927,0.0345220454037189,0.074223555624485,0.2583192884922027,1.0,0.9274535179138184,0.5808430910110474,0.1046326234936714
1421,0.137418195605278,0.7263292074203491,0.6591771841049193,0.1974210888147354,0.4556980431079865,0.7660421729087828,1.0,0.7757954597473145,0.7103850841522217,0.5964031219482422,0.8742851018905639,0.2818247377872467
1422,0.0626086816191673,0.1144472882151603,0.1238566562533378,0.1411479711532592,0.4587764143943786,0.961685001850128,1.0,0.3881379067897796,0.2150680273771286,0.1914986670017242,0.1740236431360244,0.0398316420614719
1423,0.3264645040035248,0.7236625552177429,0.3821739554405213,0.0602965429425239,0.1961849182844161,0.8722552061080932,1.0,0.5947345495223999,0.7275575399398804,0.4147709906101226,0.3652136027812958,0.1366382539272308
1424,0.4185863137245177,0.2892551124095917,0.0703757628798484,0.0348367393016815,0.3226860761642456,1.0,0.6689160466194153,0.1426637321710586,0.1763578951358795,0.355642706155777,0.2592428624629974,0.0946505963802337
1425,0.8079330921173095,0.2683174610137939,0.0244437493383884,0.038416314870119,0.4250478446483612,1.0,0.5982272028923035,0.0928575843572616,0.0992195606231689,0.1228411570191383,0.0904597342014312,0.1201165840029716
1426,1.0,0.399448037147522,0.0383018553256988,0.0275422073900699,0.3022565245628357,0.8187078833580017,0.4802397489547729,0.0438822209835052,0.0558898299932479,0.0886842831969261,0.0568577051162719,0.1120010986924171
1427,1.0,0.4397433400154114,0.0221831016242504,0.021363703534007,0.1430911570787429,0.427529513835907,0.3241018056869507,0.0354550778865814,0.0471390895545482,0.1142981275916099,0.1160658746957778,0.1096590161323547
1428,1.0,0.2940594553947449,0.0590626113116741,0.0379337854683399,0.4052756726741791,0.9112458825111388,0.4189168512821197,0.0442788265645504,0.0416664779186248,0.0832723304629325,0.1775459200143814,0.2159589827060699
1429,0.6331411004066467,0.1469504982233047,0.0501589328050613,0.0723502039909363,0.533283531665802,1.0,0.356792539358139,0.0260463114827871,0.0248683895915746,0.0333518236875534,0.0406046658754348,0.185623288154602
2397,0.086344800889492,0.0973812565207481,0.1340781450271606,0.1504483073949813,0.1581527441740036,0.4179931581020355,1.0,0.4126417934894562,0.1384581923484802,0.2138972580432892,0.3434697091579436,0.1619225442409515
2398,0.2708035111427307,0.5627408027648926,0.2302881330251693,0.1034009680151939,0.1795015633106231,0.4570597112178801,1.0,0.8564948439598083,0.3669367730617523,0.308494359254837,0.5183029770851135,0.1741838604211807
2399,0.1722781509160995,0.6350414156913757,0.3222351372241974,0.1142552271485328,0.2027044743299484,0.4267401397228241,0.6414568424224854,0.5134111046791077,0.3542539179325104,0.4101967513561249,1.0,0.2887072265148163
2400,0.3743404150009155,1.0,0.5148374438285828,0.197675809264183,0.1223562955856323,0.1554795205593109,0.2132532447576522,0.143545851111412,0.0564023405313491,0.2405520230531692,0.7616018652915953,0.316597580909729
2401,0.9436646103858948,1.0,0.4129291772842407,0.0684508457779884,0.1935349255800247,0.1430150121450424,0.2326134294271468,0.3371162116527557,0.1978136152029037,0.1580342799425125,0.5106252431869507,0.3933135867118835
2402,0.4793882966041565,1.0,0.2384847104549408,0.0204642340540885,0.035389270633459,0.0577090010046958,0.0956634581089019,0.0956750884652137,0.0841540545225143,0.0413067117333412,0.0562710724771022,0.0449707098305225
2403,0.3764864802360535,1.0,0.3523827493190765,0.044598214328289,0.054263737052679,0.0856784507632255,0.1606473624706268,0.1207071766257286,0.1026516109704971,0.0927771180868148,0.2760909795761108,0.117014579474926
2404,0.1896827965974808,1.0,0.3657469153404236,0.0459149181842804,0.0814939513802528,0.1580357551574707,0.3780061006546021,0.1647577285766601,0.0842827036976814,0.1508417278528213,0.5509387254714966,0.1466925740242004
2405,0.1398957669734954,1.0,0.3871732354164124,0.0416688844561576,0.0527602694928646,0.119691714644432,0.1506900340318679,0.093398816883564,0.0633042454719543,0.1055465340614318,0.3501020669937134,0.1289614140987396
2406,0.3287027180194855,1.0,0.4994378089904784,0.0638189390301704,0.1180777475237846,0.2390007078647613,0.3911555409431457,0.2640316486358642,0.1147267818450927,0.2295233309268951,0.7658404111862183,0.176682561635971
2407,0.5419110059738159,1.0,0.2483620643615722,0.0106588993221521,0.0240436978638172,0.0623277872800827,0.0934754982590675,0.0533118322491645,0.0482398346066474,0.035602007061243,0.0413140766322612,0.0543301329016685
2408,0.2875167429447174,1.0,0.2781706452369689,0.0105046983808279,0.0096914339810609,0.0142490724101662,0.0119784604758024,0.0065945871174335,0.0047484142705798,0.0063080731779336,0.0333539843559265,0.0180017594248056
2409,0.6738085746765137,1.0,0.1336739808320999,0.004580442328006,0.0058251186273992,0.0099481139332056,0.0108932368457317,0.0093758553266525,0.0094181019812822,0.0056729963980615,0.0225847568362951,0.0449659638106823
2410,0.4258932471275329,1.0,0.2054718136787414,0.0050643081776797,0.0034286247100681,0.0059202495031058,0.0067300540395081,0.006192488130182,0.0051823100075125,0.0030232060234993,0.0124760037288069,0.01802190952003
2411,0.3201033771038055,1.0,0.270109087228775,0.0067685539834201,0.0030388750601559,0.0052865142934024,0.0063183498568832,0.0053876610472798,0.003686114680022,0.0023355598095804,0.0083022965118289,0.0125311939045786
2412,0.7152464389801024,1.0,0.1666525900363922,0.0043173003941774,0.005406254902482,0.0113830287009477,0.0153640871867537,0.012486214749515,0.0076217195019125,0.0058464631438255,0.0178145747631788,0.058159839361906
2413,1.0,0.47401824593544,0.153194397687912,0.0205109436064958,0.0488411374390125,0.0962852388620376,0.1191504746675491,0.0853262245655059,0.0549135096371173,0.111612893640995,0.1513880342245102,0.418629914522171
2414,0.4007327556610107,0.8692474961280823,0.4327885508537293,0.1280727088451385,0.3220643997192383,0.6113980412483215,1.0,0.7036776542663574,0.3620440661907196,0.368150919675827,0.7812027931213379,0.4111049771308898
2415,0.6129748821258545,1.0,0.3536792397499084,0.0580928958952426,0.08915975689888,0.3161807358264923,0.6808157563209534,0.6916083097457886,0.4728729724884032,0.2520117163658142,0.1684457659721374,0.1500270217657089
2416,0.3922523856163025,1.0,0.4321859478950501,0.2375670224428177,0.4161503314971924,0.5166007876396179,0.5149986147880553,0.3195863962173461,0.1645933240652084,0.0473991818726062,0.0798669829964637,0.0592173114418983
2417,0.5802996158599854,1.0,0.4453737437725067,0.1574111729860305,0.1376768946647644,0.2634751200675964,0.411202609539032,0.2113661915063858,0.1749155521392822,0.12148217856884,0.4660028219223022,0.1756332814693451
2418,0.4611884653568268,1.0,0.3833390474319457,0.1235407441854476,0.5448079705238342,0.7899559140205382,0.3780321776866913,0.2978021204471588,0.4413541555404663,0.1522842049598693,0.3365577161312103,0.1356336176395416
2419,0.5310886502265929,1.0,0.1816863119602203,0.0157024953514337,0.2655312716960907,0.4933506548404693,0.1185327246785163,0.1895988136529922,0.4589380919933319,0.065455324947834,0.1561514884233474,0.0695139691233635
2420,0.397738128900528,1.0,0.2633080184459686,0.0132443206384778,0.121725670993328,0.2763120234012604,0.0873560532927513,0.1602244526147842,0.4491519033908844,0.0771622359752655,0.1123222112655639,0.0377231016755104
2421,0.3996665477752685,1.0,0.4914372861385345,0.0315996408462524,0.1874441057443618,0.2692133784294128,0.103257305920124,0.2919720113277436,0.4914099872112273,0.0860152840614318,0.1803259253501892,0.1282732486724853
2422,0.538190484046936,1.0,0.2179324626922607,0.0121813993901014,0.0835514962673187,0.1662711799144745,0.020499737933278,0.055598497390747,0.105366051197052,0.0166030172258615,0.0321211069822311,0.0421998351812362
2423,0.8528695106506348,1.0,0.1795670390129089,0.0097928280010819,0.0133670484647154,0.0280994307249784,0.0123928720131516,0.0174905899912118,0.0637090280652046,0.014778452925384,0.0366232395172119,0.0812254250049591
2424,0.5790523886680603,1.0,0.1987885981798172,0.0128628192469477,0.020313199609518,0.0268259271979332,0.0264610890299081,0.0156062832102179,0.0421708971261978,0.0139138074591755,0.0138835357502102,0.0383906699717044
2425,0.2451732307672501,1.0,0.3341509401798248,0.0126421293243765,0.0052931606769561,0.0124353058636188,0.0074900686740875,0.0121749052777886,0.0887316092848777,0.032595332711935,0.0306036323308944,0.0198406595736742
2426,0.3694818019866943,1.0,0.2113690674304962,0.0085628144443035,0.0083294743672013,0.0198890678584575,0.0171242635697126,0.0419420674443244,0.106807105243206,0.0266065988689661,0.058382898569107,0.0299735087901353
2427,0.3804697692394256,1.0,0.3318196535110473,0.0177607722580432,0.0143414419144392,0.0311003811657428,0.0250562001019716,0.0923255234956741,0.2056791335344314,0.0457454100251197,0.1244575157761573,0.0954798981547355
2428,0.2567695379257202,1.0,0.3323044776916504,0.0353712402284145,0.0228685420006513,0.0769268199801445,0.1780066639184951,0.1096318885684013,0.5187374353408812,0.1741252392530441,0.3772962689399719,0.2814782261848449
2429,0.2622492015361785,1.0,0.4110890030860901,0.0604376457631588,0.0257235150784254,0.106763869524002,0.2709517776966095,0.1286108344793319,0.3592020273208618,0.1671419143676757,0.283849686384201,0.1460100412368774
2430,0.2212104499340057,1.0,0.4079102873802185,0.0353274978697299,0.0199555996805429,0.0701769888401031,0.1410077959299087,0.1185530200600624,0.567368745803833,0.2029189765453338,0.3219758868217468,0.118602693080902
2431,0.3013821244239807,1.0,0.3892906904220581,0.0445597432553768,0.044133186340332,0.1411782354116439,0.4736628532409668,0.2844177484512328,0.7289830446243286,0.3077228367328644,0.5550237894058228,0.2454713433980941
2432,0.5152955651283264,1.0,0.2542371153831481,0.017756400629878,0.0170451179146766,0.0275226440280675,0.032928179949522,0.0260827597230672,0.0289525408297777,0.0236013196408748,0.0761649757623672,0.0858810767531394
2433,1.0,0.7970544695854187,0.2586353719234466,0.0578002966940403,0.0717948451638221,0.0852476879954338,0.0787033587694168,0.0628602504730224,0.0602326281368732,0.0336685441434383,0.1006220504641532,0.1647765636444091
2434,1.0,0.7817388772964476,0.1411687135696411,0.0210379045456647,0.0221755672246217,0.0245472267270088,0.0316626653075218,0.026225097477436,0.0241306703537702,0.0240266658365726,0.0823303312063217,0.175059512257576
2435,1.0,0.571446418762207,0.1606569439172744,0.0162718910723924,0.011870295740664,0.0118584865704178,0.0280520934611558,0.0356800183653831,0.0274028610438108,0.0412652939558029,0.1264743506908416,0.328409731388092
2436,1.0,0.3197652697563171,0.0348430648446083,0.0044276788830757,0.004531858023256,0.0068885064683854,0.0139920385554432,0.0130880391225218,0.0110683869570493,0.010061745531857,0.0372999273240566,0.3994878232479096
2437,1.0,0.2872868180274963,0.0203041955828666,0.0031481757760047,0.0053301304578781,0.0065244426950812,0.0124667016789317,0.0158794820308685,0.0076381973922252,0.0052204704843461,0.0215347725898027,0.369305282831192
2438,1.0,0.3500679135322571,0.0313984416425228,0.0034028617665171,0.0048794746398925,0.0042719012126326,0.0105878021568059,0.0218472220003604,0.0170200709253549,0.0078020952641963,0.0197609700262546,0.350476861000061
2439,1.0,0.4148723185062408,0.0363205932080745,0.0048759919591248,0.0037896418944001,0.0032796142622828,0.0080852825194597,0.0106873633340001,0.0155880991369485,0.0081458091735839,0.0260048117488622,0.2838020920753479
2440,1.0,0.380953699350357,0.0347280018031597,0.0065392134711146,0.0092949634417891,0.0098788393661379,0.02261165343225,0.0082790777087211,0.0053994506597518,0.0080420318990945,0.0251281931996345,0.2914372384548187
2441,1.0,0.3416939973831177,0.0285107363015413,0.0065600336529314,0.0091295940801501,0.0123313330113887,0.0165751501917839,0.015386096201837,0.0070116175338625,0.0077992253936827,0.0399744324386119,0.2977139353752136
2442,1.0,0.2597613334655761,0.018732139840722,0.0040577286854386,0.0044562285766005,0.0044181044213473,0.006049808114767,0.0083878496661782,0.0081246579065918,0.0069186673499643,0.0350134335458278,0.4107191264629364
2443,1.0,0.3018738627433777,0.0126827964559197,0.0016141433734446,0.0015599890612065,0.0018498337594792,0.0028517025057226,0.0056246533058583,0.0043826177716255,0.0041780583560466,0.0221957024186849,0.3638576865196228
2444,1.0,0.2872873842716217,0.011216009967029,0.0010005364893004,0.0009505282505415,0.0011144055752083,0.0028169399593025,0.0048101637512445,0.0037773090880364,0.0042017078958451,0.02535055950284,0.3728069961071014
2445,1.0,0.2233559340238571,0.0132415201514959,0.0009873480303213,0.0007100590737536,0.0018895316170528,0.0047800745815038,0.006460758857429,0.0033361364621669,0.0043530003167688,0.0406823903322219,0.4780905842781066
2446,1.0,0.198877215385437,0.0299082286655902,0.0036469507031142,0.0019298812840133,0.0082557303830981,0.0160844065248966,0.0080117434263229,0.0041858274489641,0.0082899630069732,0.0851718336343765,0.6945553421974182
2447,0.9603446125984192,0.6090731024742126,0.2583121657371521,0.0263274107128381,0.009231673553586,0.0341863743960857,0.0839024484157562,0.0505976416170597,0.0593316294252872,0.0578360743820667,0.3226677775382996,1.0
2448,0.91153222322464,1.0,0.5220253467559814,0.0736430585384368,0.04359907284379,0.0743483528494835,0.1571609675884246,0.0814964845776557,0.0745164901018142,0.0728088691830635,0.3150558769702911,0.5967591404914856
2449,1.0,0.7159730195999146,0.1176781058311462,0.0340016856789588,0.0622469559311866,0.0926805287599563,0.1286977231502532,0.1116933226585388,0.1170257776975631,0.0306637324392795,0.0649710521101951,0.2319566756486892
2450,0.4073796272277832,1.0,0.1992051899433136,0.0197583716362714,0.0317735709249973,0.0907594412565231,0.1208134368062019,0.1283557713031768,0.3566048145294189,0.071606621146202,0.1296261847019195,0.0667555481195449
2451,0.5044621229171753,1.0,0.1871310919523239,0.0087145725265145,0.0146635416895151,0.0366267338395118,0.0761757120490074,0.0878873020410537,0.187927559018135,0.0386463515460491,0.1289016306400299,0.0619922876358032
2452,0.7003133296966553,1.0,0.2058514356613159,0.0115704946219921,0.0262470599263906,0.0391535013914108,0.0944738164544105,0.072818137705326,0.0619403012096881,0.0264955535531044,0.0994085893034934,0.0813898593187332
2453,0.8919841051101683,1.0,0.2632516622543335,0.0812055915594101,0.2025483846664428,0.0912199169397354,0.248814970254898,0.7257928252220154,0.2924151122570038,0.1422808319330215,0.5343472361564636,0.3530042469501495
2454,0.4874725937843322,0.3287692666053772,0.1152986139059066,0.018839618191123,0.0556864887475967,0.1912123411893845,0.392310470342636,0.1617997139692306,0.0681084841489791,0.157723844051361,0.95200914144516,1.0
2455,0.1342540830373764,0.4989005923271179,0.2301124036312103,0.0474882163107395,0.1135866045951843,0.3073048293590545,0.3715167939662933,0.2689003348350525,0.4468023478984833,0.8057716488838195,1.0,0.3470302522182464
2456,0.1127740889787674,0.4283512532711029,0.2067058384418487,0.0340487398207187,0.0317479409277439,0.1687191724777221,0.8126921057701111,1.0,0.5663805603981018,0.145509585738182,0.2672706544399261,0.0733933523297309
2457,0.1382694542407989,0.4122668206691741,0.2252392917871475,0.0503677800297737,0.0674535930156707,0.3939976096153259,1.0,0.8468414545059203,0.1698600500822067,0.0860878005623817,0.1723736375570297,0.0682216510176658
2458,0.1489610970020294,0.3832489252090454,0.126087263226509,0.0749446079134941,0.2790972292423248,0.8838067650794984,1.0,0.7361034154891967,0.5544466972351073,0.438713937997818,0.3115606307983398,0.1224434524774551
2459,0.988584816455841,0.7809221148490906,0.3222360908985137,0.0828832536935806,0.5193624496459961,1.0,0.5888084173202515,0.6633048057556152,0.8614085912704467,0.7158034443855286,0.4345806539058685,0.6446259021759033
2460,1.0,0.5948086380958557,0.3442637026309967,0.0829357206821441,0.2198409885168075,0.3278139531612396,0.1129980832338333,0.1026582717895507,0.6360464096069336,0.3914586901664733,0.1888806223869324,0.6035613417625427
2461,1.0,0.3790063261985778,0.1405101716518402,0.0289794858545064,0.1234488785266876,0.3602867126464844,0.1781946569681167,0.1839378029108047,0.3528020977973937,0.2585030198097229,0.2668336927890777,0.3309175372123718
2462,1.0,0.347710520029068,0.0465422347187995,0.0194774214178323,0.0390320420265197,0.1755900532007217,0.0933656617999076,0.0651220306754112,0.156640350818634,0.1132828220725059,0.1243224069476127,0.1566370874643325
2463,1.0,0.4422095119953156,0.0778231546282768,0.0146187329664826,0.0481943823397159,0.1923128813505172,0.0872488245368003,0.0422809012234211,0.0932815596461296,0.091739110648632,0.094733141362667,0.1522462368011474
2666,0.3879423141479492,0.4572303593158721,0.1588364392518997,0.1427050232887268,0.185388296842575,0.5112816691398621,1.0,0.7646127343177795,0.8409452438354493,0.5082947015762329,0.637215793132782,0.2094278186559676
2667,0.066399298608303,0.1480391919612884,0.1662331819534301,0.2224252074956893,0.53217875957489,0.934950590133667,1.0,0.5018941164016724,0.4022848904132843,0.215201124548912,0.178557813167572,0.0666662976145744
2668,0.3888359069824218,0.8002554178237915,0.8005220890045166,0.62277752161026,0.4749740660190582,0.7352960705757141,1.0,0.6376941800117493,0.2916758954524993,0.2662895917892456,0.7791857123374939,0.47856006026268
2669,0.83680921792984,0.7217341661453246,0.4716398119926452,0.5078108906745912,0.7777632474899293,0.9582101106643676,1.0,0.6199641227722168,0.2856932878494262,0.1743122637271881,0.1540312021970749,0.250498503446579
2670,1.0,0.8238371014595031,0.1668187528848648,0.0574652813374996,0.1083693578839302,0.1570169627666473,0.2552989721298218,0.2430678457021712,0.157735601067543,0.0673209875822067,0.0439316481351852,0.1622976958751678
2671,0.760647714138031,1.0,0.2047908008098602,0.0385938473045826,0.0730895847082137,0.1480557769536972,0.2407628148794174,0.2047434449195861,0.1458235383033752,0.0657238736748695,0.080720767378807,0.1077145189046859
2672,0.1888348758220673,1.0,0.4356738328933716,0.1179169788956642,0.2456649094820022,0.5142233371734619,0.7961434125900269,0.5515199899673462,0.4642398655414581,0.3591155707836151,0.3282507956027984,0.0737248063087463
2673,0.1867639720439911,0.7085637450218201,0.3251106142997741,0.1205682829022407,0.2801091372966766,0.5661094188690186,1.0,0.7122929096221924,0.5527147650718689,0.3208431005477904,0.3319350183010101,0.0611851587891578
2674,0.1948548108339309,0.7926657795906067,0.4000850617885589,0.1111262664198875,0.2811523675918579,0.616189181804657,1.0,0.8066998720169067,0.4575796723365784,0.2702375650405884,0.2224189192056656,0.0552002228796482
2675,0.2203017771244048,1.0,0.6848675012588501,0.0789825394749641,0.0918032005429267,0.1817972958087921,0.3036795854568481,0.3189198970794678,0.1609963476657867,0.073149524629116,0.0899699181318283,0.0345271751284599
2676,0.1569973826408386,1.0,0.5502083897590637,0.0384978018701076,0.0364860035479068,0.0505739077925682,0.0590040348470211,0.0487843751907348,0.0269720181822776,0.0156078729778528,0.0273327715694904,0.0114442482590675
2677,0.2183441370725632,1.0,0.3889022469520569,0.0223081167787313,0.0246425569057464,0.0368293523788452,0.0404043905436992,0.0319037772715091,0.0156789608299732,0.0135136302560567,0.0524394176900386,0.0273109916597604
2678,0.3790083825588226,1.0,0.2587230205535888,0.0120905600488185,0.0158984549343585,0.032443530857563,0.0444000177085399,0.0465253852307796,0.0450858883559703,0.0182190332561731,0.0337151885032653,0.0220468342304229
2679,0.5424162149429321,1.0,0.2133712917566299,0.0140833230689167,0.032361838966608,0.0587477944791317,0.0750430971384048,0.0722523406147956,0.0461630150675773,0.0296444371342658,0.0618488378822803,0.0374986007809639
2680,0.9591668844223022,1.0,0.2754145860671997,0.0886589139699935,0.2577835321426392,0.3827217817306519,0.3865968286991119,0.342404305934906,0.1957831382751464,0.0893877893686294,0.1838258653879165,0.3202138543128967
2681,1.0,0.5758086442947388,0.0745621994137763,0.0110545037314295,0.0288062747567892,0.0493176244199276,0.0609275847673416,0.0563813224434852,0.0398194156587123,0.0168916564434766,0.038476824760437,0.3393163084983825
2682,0.272883653640747,0.2030301690101623,0.1062842383980751,0.0281655695289373,0.0763665661215782,0.1489492803812026,0.2145142406225204,0.1964351385831833,0.1653507500886917,0.1439621150493621,0.7438080310821533,1.0
2683,0.3420515358448028,1.0,0.4193861782550812,0.1255891174077987,0.2917551100254059,0.593985080718994,0.9319559335708616,0.8321514725685119,0.4135544598102569,0.1783499419689178,0.3844743967056274,0.3039909601211548
2684,0.3226916491985321,0.9789530634880066,0.4837307631969452,0.3469636738300323,0.7600208520889281,1.0,0.9672640562057496,0.7813214659690858,0.4159894287586212,0.2026876807212829,0.1213246583938598,0.0649695247411727
2685,0.1781699359416961,1.0,0.5369539260864258,0.1320069730281829,0.1712597757577896,0.9401081204414368,0.4465725123882293,0.2287851870059967,0.3128271400928497,0.2605381309986114,0.7203619480133057,0.2458945661783218
2686,0.2457271814346313,1.0,0.3982413709163666,0.0216604024171829,0.0434825457632541,0.1866606473922729,0.0675055384635925,0.0590289942920208,0.420981615781784,0.1415192484855651,0.1201059445738792,0.0432843379676342
2687,0.3116784691810608,1.0,0.2667245864868164,0.0076521867886185,0.0317427292466163,0.1095724552869796,0.025587860494852,0.0282369777560234,0.1071780174970626,0.0248904582113027,0.0379813760519027,0.0203248374164104
2688,0.3574328124523163,1.0,0.2219845801591873,0.0056263017468154,0.0095271421596407,0.0259881559759378,0.0185816958546638,0.0498627685010433,0.1947262585163116,0.0331889241933822,0.0219532530754804,0.0173725970089435
2689,0.2404069006443024,1.0,0.310070127248764,0.0085682570934295,0.0472371019423008,0.2314509600400924,0.0488812290132045,0.0509414598345756,0.2575910985469818,0.0615257397294044,0.0315153934061527,0.0157112926244735
2690,0.2380458265542984,1.0,0.3046274781227112,0.0074915536679327,0.0652500540018081,0.3179620504379272,0.0651942119002342,0.0670202299952507,0.3822639882564544,0.0793393105268478,0.0677689537405967,0.0288944914937019
2691,0.5254037380218506,1.0,0.177215501666069,0.0033431244082748,0.0133058847859501,0.0599287375807762,0.0174933969974517,0.0125501882284879,0.0517420023679733,0.011151798069477,0.0127817438915371,0.0452494584023952
2692,0.4229348301887512,1.0,0.2645711302757263,0.0082158679142594,0.0062961461953818,0.0200777016580104,0.0076873651705682,0.0056047975085675,0.0254891030490398,0.0100770452991127,0.0061900820583105,0.0382001586258411
2693,0.1909771710634231,1.0,0.427123874425888,0.0128662697970867,0.0029052237514406,0.0137499142438173,0.0099450722336769,0.0104615669697523,0.0314931683242321,0.012506678700447,0.0181244667619466,0.0124378930777311
2694,0.3465033769607544,1.0,0.2627498805522918,0.0062566404230892,0.001876636990346,0.0065461215563118,0.0072766300290822,0.0262775532901287,0.1265472322702407,0.0212152674794197,0.0215749163180589,0.0201210714876651
2695,0.821148693561554,1.0,0.1597844958305359,0.0034461407922208,0.0037654081825166,0.0141719449311494,0.0182328857481479,0.0411840453743934,0.0716502666473388,0.0121021587401628,0.0416916795074939,0.0974206030368804
2696,0.6674740314483643,1.0,0.2408342212438583,0.0246118139475584,0.0354192592203617,0.1133757382631301,0.0782905369997024,0.0438216552138328,0.0901813358068465,0.2143964618444442,0.8599390983581544,0.353638082742691
2697,0.2290766090154648,1.0,0.3424853682518005,0.0292692650109529,0.0729140415787696,0.2233373075723648,0.183966428041458,0.1904719918966293,0.2994488477706908,0.1730158329010009,0.5197062492370604,0.1821155697107315
2698,0.198277160525322,1.0,0.4203923642635345,0.0267421565949916,0.0462316237390041,0.1272942721843719,0.161672905087471,0.2154529392719268,0.5888691544532776,0.2387618869543075,0.4276292026042937,0.1306257545948028
2699,0.2393907308578491,1.0,0.3376966714859009,0.0099796392023563,0.0183595102280378,0.104062482714653,0.1073681935667991,0.1034704521298408,0.2684388756752014,0.0864173471927642,0.086798682808876,0.0453829281032085
2700,0.1982371807098388,1.0,0.3344692587852478,0.0198539718985557,0.0288221593946218,0.0682836696505546,0.0604697838425636,0.0701503828167915,0.1841570883989334,0.1133695617318153,0.4173609018325805,0.1491431593894958
2701,0.7793656587600707,1.0,0.1863682121038437,0.0167562291026115,0.0173999648541212,0.0215166453272104,0.0693426057696342,0.0681896284222602,0.1715865582227707,0.0889416486024856,0.1815251410007476,0.1392239481210708
2702,1.0,0.892967402935028,0.314287394285202,0.0194337908178567,0.0230032205581665,0.0374234430491924,0.0502333864569664,0.0663556829094886,0.184696927666664,0.0794576555490493,0.146107017993927,0.2588350474834442
2703,1.0,0.5272123217582704,0.0613289736211299,0.0073393727652728,0.0103997392579913,0.0225405823439359,0.0393806248903274,0.0706681311130523,0.1372865140438079,0.0703554302453994,0.1401407122611999,0.2486502379179
2704,1.0,0.4542337954044342,0.0889477506279945,0.0101214777678251,0.0116169294342398,0.0215413831174373,0.0419008620083332,0.0698243975639343,0.1134992465376854,0.0587006732821464,0.1072589606046676,0.260660320520401
2705,1.0,0.7626193761825562,0.3509911596775055,0.0457315817475318,0.0856488868594169,0.1726333498954772,0.36763796210289,0.4371379613876343,0.44516122341156,0.2871059477329254,0.7185772061347961,0.5589025020599365
2706,0.8206518292427064,1.0,0.5360702276229857,0.0895037502050399,0.1534257680177688,0.3257530331611633,0.4025682806968689,0.3090668320655823,0.5816554427146912,0.2980352938175201,0.5969275236129761,0.5689876675605774
2707,1.0,0.8000890612602234,0.2957869470119476,0.0544937439262867,0.1424596309661865,0.2507900297641754,0.3295275866985321,0.1704786419868469,0.2821212708950043,0.1445292085409164,0.3536655306816101,0.4476486742496489
2708,0.9165321588516236,1.0,0.3315066993236542,0.0847762525081634,0.2734972536563873,0.3811477124691009,0.5371479988098145,0.1906598806381225,0.1811928302049636,0.134983941912651,0.3432203233242035,0.2663028836250304
2709,0.5545123815536499,1.0,0.3732240796089172,0.0591590590775013,0.2047514170408249,0.5041534900665283,0.8080468177795409,0.3000827431678772,0.1962501257658004,0.189332365989685,0.4089990556240082,0.2599602341651916
2710,1.0,0.8422000408172606,0.2040710598230361,0.0308985970914363,0.0548755750060081,0.1973970085382461,0.5760396122932434,0.2555257678031921,0.1654383391141891,0.1006152853369712,0.2025227397680282,0.2879509925842284
2711,1.0,0.8578589558601379,0.2047890275716781,0.0530099757015705,0.0957995802164077,0.1937925070524216,0.4493904113769531,0.2881510555744171,0.2794716358184814,0.1270166486501693,0.2536404430866241,0.3009822368621826
2712,1.0,0.3555511236190796,0.0384270437061786,0.0086570372804999,0.0170978270471096,0.0306519418954849,0.0642082020640373,0.0450192913413047,0.0400335751473903,0.0240743327885866,0.055211391299963,0.4049717485904693
2713,1.0,0.3297051787376404,0.0455014966428279,0.0035001654177904,0.0059340423904359,0.0101677244529128,0.0264294669032096,0.0176066327840089,0.0255935434252023,0.0105821760371327,0.0316176638007164,0.3751135468482971
2714,1.0,0.3295252025127411,0.0212592091411352,0.0019947073888033,0.0034846328198909,0.0070102703757584,0.0165808964520692,0.0162890795618295,0.0154329156503081,0.0072878580540418,0.0180826131254434,0.2993995249271393
2715,1.0,0.2388610690832138,0.0196322333067655,0.0027570284437388,0.0033040933776646,0.0067971707321703,0.0182242151349782,0.0187282748520374,0.01141326315701,0.0113675817847251,0.0802493765950203,0.545935332775116
2716,0.3389610052108764,0.1341344714164734,0.0334464758634567,0.0042740344069898,0.0079793678596615,0.0271202083677053,0.0539205893874168,0.026876363903284,0.0369919762015342,0.0878788828849792,0.6593461036682129,1.0
2717,0.6222354769706726,1.0,0.4199456572532654,0.0278595406562089,0.1664149165153503,0.4072858393192291,0.4634307026863097,0.1863844096660614,0.0978777483105659,0.0988784283399582,0.4014511406421661,0.417065531015396
2718,1.0,0.8156139254570006,0.3081878125667572,0.0977169722318649,0.2820152044296264,0.6272585391998291,0.8587789535522462,0.5140221118927002,0.2503554821014404,0.1354439854621887,0.4337028264999389,0.6102133989334105
2719,0.1654369086027145,0.4031223654747008,0.1478370130062103,0.069125697016716,0.3413197994232178,1.0,0.3222716748714447,0.2684116661548614,0.6565309762954712,0.1668965965509414,0.4445303082466125,0.1420106440782546
2720,0.0892583951354027,0.3624732494354248,0.195818305015564,0.0558800511062145,0.310394138097763,1.0,0.2042121291160583,0.2183491587638854,0.7686522006988524,0.1641224920749664,0.1668197810649871,0.1129864007234573
2721,0.3386376798152923,0.8098170161247252,0.3502599895000458,0.063826285302639,0.3066150844097137,1.0,0.3728549778461456,0.264931172132492,0.5552296042442322,0.1672740429639816,0.2955029010772704,0.1598933637142181
2722,1.0,0.3726859688758849,0.0498355850577354,0.0086464462801814,0.0139244934543967,0.02203806117177,0.0885993391275405,0.063814178109169,0.01578239351511,0.015492707490921,0.0810892060399055,0.5086637139320374
2723,0.3517664372920989,0.2668160200119018,0.0850368738174438,0.0095677943900227,0.0195150729268789,0.0759205743670463,0.1468180865049362,0.0638720765709877,0.0291886143386364,0.149487018585205,0.8646441102027893,1.0
2724,0.197214663028717,1.0,0.4816929996013641,0.0384325347840786,0.0533381104469299,0.2443177253007888,0.614616334438324,0.6726874709129332,0.4127741456031799,0.1227701678872108,0.2796074748039245,0.1208716630935668
2725,0.0289013478904962,0.1681645363569259,0.0759721919894218,0.0643979609012603,0.2226493060588836,0.5921545624732971,1.0,0.5588579773902893,0.0775599256157875,0.0252997614443302,0.0398102700710296,0.0268166586756706
2726,0.0527055375277996,0.0645004883408546,0.0192583203315734,0.0355777479708194,0.4235431849956512,1.0,0.877573251724243,0.1191021353006362,0.0413763783872127,0.0424644090235233,0.0357444398105144,0.0204341169446706
2727,0.3879440128803252,0.4676510393619537,0.1824387907981872,0.2634155750274658,0.7563410401344299,1.0,0.8815507888793945,0.3840062916278839,0.3610504269599914,0.5236101746559143,0.2317607700824737,0.2294019013643264
2728,0.7470143437385558,0.5008947253227234,0.1856575608253479,0.110207512974739,0.597213089466095,1.0,0.5013362169265747,0.1062233969569206,0.1611780971288681,0.3136979937553406,0.123484767973423,0.1952295899391174
2729,0.5379870533943176,0.1743713319301605,0.0560544691979885,0.0689612403512,0.523455798625946,1.0,0.5431813597679137,0.0717880725860595,0.0357945077121257,0.0933683291077613,0.1552536487579345,0.1976943165063858
2730,1.0,0.3571453690528869,0.0662066638469696,0.0571521334350109,0.330649584531784,0.6285616755485535,0.3227273821830749,0.0208959840238094,0.0492023937404155,0.1934361457824707,0.126917228102684,0.1523219048976898
2731,1.0,0.3405112326145172,0.0246560722589492,0.0193335283547639,0.2287918478250503,0.527786374092102,0.3656892776489258,0.0338509269058704,0.0138388229534029,0.0457547195255756,0.0717754140496254,0.1455907523632049
2732,0.3344348073005676,0.1483232527971267,0.0448991581797599,0.0617377087473869,0.5100552439689636,1.0,0.4126864671707153,0.0297034308314323,0.0107577219605445,0.0138595793396234,0.0214173682034015,0.0865852758288383
3637,0.4145900309085845,0.4006129801273345,0.3294573128223419,0.5564393997192383,0.4323082566261292,0.4798867404460906,1.0,0.4487060010433197,0.3216764628887176,0.3068714737892151,0.3562600612640381,0.1422965377569198
3638,0.2719499766826629,0.2909503877162933,0.2436634749174118,0.3692096769809722,0.3985044062137604,0.7284526228904723,1.0,0.6408675312995912,0.1878457963466644,0.2410975694656372,0.8887182474136353,0.2208646386861801
3639,0.0628533810377121,0.0362910851836204,0.0230947080999612,0.0159363038837909,0.1367898732423782,0.5969777703285217,1.0,0.4978240430355072,0.0938146039843559,0.0558347143232822,0.0566567592322826,0.041776567697525
3640,0.1842101961374282,0.36188605427742,0.3271816372871399,0.338428407907486,0.5546976327896118,0.8006152510643004,1.0,0.6668397784233093,0.2531908750534057,0.2598916888236999,0.4767024219036102,0.1448768079280853
3641,0.218966782093048,0.3781163096427917,0.2400844991207122,0.1261594444513321,0.1701643764972686,0.43255415558815,0.8661301136016845,0.5558417439460753,0.2760701179504394,0.3634354770183563,1.0,0.6302708387374878
3642,0.5819258093833923,1.0,0.2860016524791717,0.0577302351593971,0.095175601541996,0.2059526294469833,0.6123027205467224,0.4105630218982696,0.1746262311935424,0.1330585479736328,0.2306591570377349,0.1940521895885467
3643,0.8013284206390381,1.0,0.168615311384201,0.0450220219790935,0.347109317779541,0.2875598669052124,0.175752505660057,0.1830180436372756,0.1220883354544639,0.0617392286658287,0.1414022296667098,0.1126003786921501
3644,0.5072543621063232,1.0,0.5072834491729736,0.0767912566661834,0.223039373755455,0.3813761770725249,0.6055422425270081,0.371994823217392,0.1558907330036163,0.0890001729130745,0.2374097108840942,0.1400689631700515
3645,0.1721726208925247,1.0,0.431052953004837,0.0888493582606315,0.2088825404644012,0.4168345630168914,0.8658934235572816,0.5655210614204407,0.3242832124233246,0.2112966775894164,0.6433409452438353,0.2368986755609512
3646,0.1485144644975662,1.0,0.3792774081230164,0.051026914268732,0.0870604738593101,0.1609176993370056,0.2869990468025207,0.2041535526514053,0.0759926438331604,0.0768915265798568,0.3442854285240173,0.1291581690311432
3647,0.4628559052944183,0.992099642753601,0.4004270136356354,0.2055287063121796,0.3575432896614074,0.5784146785736084,1.0,0.8301812410354614,0.4113588333129882,0.2714987695217132,0.6167086958885193,0.2467668801546096
3648,0.6485785245895386,1.0,0.1744996458292007,0.0118694389238953,0.0271782260388135,0.0524922981858253,0.0681255757808685,0.040369015187025,0.0387533381581306,0.0323310233652591,0.08440862596035,0.0609225109219551
3649,0.9645233750343322,1.0,0.1111681014299392,0.0074816509149968,0.0147884981706738,0.0213930513709783,0.0313160195946693,0.0389928519725799,0.0438172928988933,0.0148131996393203,0.0683826208114624,0.1003762260079383
3650,1.0,0.8094602227210999,0.0644364282488823,0.0044320970773696,0.0112893925979733,0.017002772539854,0.02760343067348,0.0298593435436487,0.0225548055022954,0.0077964509837329,0.0254000201821327,0.1121527254581451
3651,0.8762277364730835,1.0,0.1108229756355285,0.0029540418181568,0.0049080345779657,0.0083994390442967,0.0125453872606158,0.0118050202727317,0.0088957073166966,0.0027608454693108,0.0074671632610261,0.0638569965958595
3652,0.5052880048751831,1.0,0.1812697798013687,0.0040491637773811,0.0032337382435798,0.005940206348896,0.010391223244369,0.0079778246581554,0.0080037117004394,0.003140696324408,0.0065564950928092,0.0217663757503032
3653,0.7772326469421386,1.0,0.1504220515489578,0.0046911342069506,0.0057063256390392,0.0093945311382412,0.0127952843904495,0.0153585793450474,0.0176666639745235,0.0069318138994276,0.0195844508707523,0.0636220276355743
3654,1.0,0.8053910732269286,0.1410912126302719,0.0157959628850221,0.0323509089648723,0.0535504780709743,0.084779717028141,0.0749030411243438,0.0588522143661975,0.0493687018752098,0.103713110089302,0.2313448339700698
3655,0.4411311745643616,1.0,0.5426163673400879,0.0913810282945632,0.1982264220714568,0.3936462998390198,0.68770831823349,0.5702539086341858,0.2946069538593292,0.2069086283445358,0.7289382219314574,0.3053445219993592
3656,0.6827157139778137,1.0,0.3753936588764191,0.069137804210186,0.1353886127471923,0.1892656832933425,0.2459070384502411,0.2338062673807144,0.139794111251831,0.0487108118832111,0.0965315625071525,0.2244028598070145
3657,0.3481070399284363,1.0,0.2304538041353225,0.0119392564520239,0.0178981516510248,0.0439510196447372,0.0927678048610687,0.122454211115837,0.2729497253894805,0.0572107322514057,0.0376966558396816,0.0247414950281381
3658,0.3663532435894013,1.0,0.2719238698482513,0.0203105565160512,0.1014596596360206,0.184599295258522,0.2078132331371307,0.2354091107845306,0.4294920265674591,0.080112375319004,0.0906988754868507,0.0405330955982208
3659,0.2212812453508376,1.0,0.4331538677215576,0.0447848103940486,0.1237125173211097,0.3304119408130646,0.472669094800949,0.3872003555297852,0.6086894869804382,0.1528635770082473,0.3112073838710785,0.0999057069420814
3660,0.1898698955774307,1.0,0.2222549617290496,0.016176700592041,0.0409794077277183,0.1238115727901458,0.1790765821933746,0.1375409960746765,0.2589183151721954,0.0812653601169586,0.1372306793928146,0.0431055016815662
3661,0.2223652899265289,1.0,0.2812732756137848,0.0290519371628761,0.1194276958703994,0.2624936401844024,0.2486882656812668,0.3038906455039978,0.5781583786010742,0.1083036810159683,0.1102299019694328,0.0583827197551727
3662,0.4790649712085724,0.9062774181365968,0.228517323732376,0.0631273761391639,0.3363825380802154,0.4723533689975738,0.368686318397522,0.6923584342002869,1.0,0.1308967024087906,0.2981673777103424,0.142885148525238
3663,0.8072879314422606,1.0,0.1845605671405792,0.0287815239280462,0.199693500995636,0.3761240839958191,0.1662917882204055,0.204419806599617,0.2546726763248444,0.0414345487952232,0.1701102554798126,0.1561257541179656
3664,0.4668603837490082,1.0,0.2307798266410828,0.0200307201594114,0.0361353158950805,0.0573927052319049,0.0713315159082412,0.0562545321881771,0.0628178939223289,0.0232696160674095,0.0814843401312828,0.0542332790791988
3665,0.2416255623102188,1.0,0.3308246433734894,0.0146580757573246,0.0068745375610888,0.0249099563807249,0.0515250414609909,0.0296517927199602,0.0201195683330297,0.0120200607925653,0.0256518796086311,0.0213765036314725
3666,0.3786254227161408,1.0,0.2222153544425964,0.016544122248888,0.0256642028689384,0.0432371571660041,0.0789275169372558,0.0719858780503273,0.0934939607977867,0.021070783957839,0.0648942440748214,0.0296449959278106
3667,0.5002832412719728,1.0,0.213736429810524,0.0168105848133564,0.0307782143354415,0.0548541992902755,0.1010755375027656,0.0888502821326255,0.0590999238193035,0.0251736212521791,0.084166869521141,0.049849696457386
3668,0.3127064704895019,1.0,0.3953204751014709,0.0520081520080566,0.1028925105929374,0.1845824718475341,0.2965713441371918,0.2625112533569336,0.1410868614912033,0.1126919835805892,0.42074716091156,0.2001111507415771
3669,0.1607876121997833,1.0,0.3959438502788544,0.1161361038684844,0.2775993049144745,0.4432933628559112,0.5971858501434326,0.4561528265476226,0.2187983393669128,0.1379929184913635,0.6440801620483398,0.2329741716384888
3670,0.1408804208040237,0.7245960235595702,0.4850323498249053,0.1625915765762329,0.385592132806778,0.6146337389945984,1.0,0.7616495490074157,0.3304173648357391,0.1275551915168762,0.3706850409507752,0.1848989427089691
3671,0.2013416439294815,1.0,0.7035613656044006,0.1420302391052246,0.3018407523632049,0.4804216623306274,0.7558446526527405,0.5925328135490417,0.3100239932537079,0.1067233830690384,0.2460906505584716,0.1002874746918678
3672,0.2715210616588592,1.0,0.4999525547027588,0.0462537929415702,0.0916117653250694,0.1671489179134369,0.3956804275512695,0.2639463543891907,0.120988093316555,0.0656589865684509,0.1668076366186142,0.1966704875230789
3673,1.0,0.7481145858764648,0.1284312307834625,0.0300964638590812,0.0473508946597576,0.0678046345710754,0.0894551053643226,0.0774820297956466,0.0503159388899803,0.0391860008239746,0.0765601694583892,0.2444864213466644
3674,1.0,0.5389748215675354,0.1652064770460128,0.0917433947324752,0.1110605672001838,0.1212803721427917,0.1442133784294128,0.1201663613319396,0.0642486661672592,0.0669349357485771,0.0877512320876121,0.2708532810211181
3675,1.0,0.4839012026786804,0.0764651000499725,0.0446113869547843,0.0585568286478519,0.0628299117088317,0.0661837756633758,0.0921501293778419,0.0440326854586601,0.0306959245353937,0.0676967874169349,0.2545181214809418
3676,1.0,0.4458751678466797,0.0708483085036277,0.0100273266434669,0.008931303396821,0.0129275191575288,0.0347211845219135,0.0459219813346862,0.0253673791885376,0.0251526869833469,0.054801270365715,0.2941147089004516
3677,1.0,0.3560980558395386,0.0543943420052528,0.0069051058962941,0.0087908096611499,0.0144521724432706,0.0347747802734375,0.029477447271347,0.0138643896207213,0.0161545686423778,0.0596395656466484,0.3080358803272248
3678,1.0,0.366944670677185,0.0515100099146366,0.0113211851567029,0.0255916863679885,0.0257326867431402,0.0374853610992431,0.0295187719166278,0.0116267772391438,0.0115948431193828,0.0395278222858905,0.3387621939182281
3679,1.0,0.2990782856941223,0.0635542050004005,0.0086901066824793,0.0138411987572908,0.0166187360882759,0.0240032747387886,0.0201550368219614,0.0136162443086504,0.0077405264601111,0.0283436384052038,0.4439629018306732
3680,1.0,0.2501577138900757,0.0257932096719741,0.0029633298981934,0.0036713257431983,0.0068933917209506,0.0118925329297781,0.0093044871464371,0.0079730469733476,0.0055440263822674,0.0375743620097637,0.4437361657619476
3681,1.0,0.2713070511817932,0.0331575460731983,0.0060442420653998,0.0145455412566661,0.0182398576289415,0.0249181874096393,0.0287054516375064,0.011129131540656,0.0052992803975939,0.0242919437587261,0.4214615523815155
3682,1.0,0.3789202868938446,0.0484644696116447,0.0114301154389977,0.0143029820173978,0.0190666913986206,0.023666625842452,0.0225983299314975,0.0136605724692344,0.0068500400520861,0.0252215880900621,0.3229908943176269
3683,1.0,0.3583811521530151,0.0343792103230953,0.0081532876938581,0.0123554030433297,0.011279952712357,0.0164156705141067,0.0202638618648052,0.0121890110895037,0.0047384765930473,0.0148445591330528,0.32780921459198
3684,1.0,0.2587161660194397,0.0266848187893629,0.0065658707171678,0.0100252758711576,0.0145552083849906,0.0274576712399721,0.0213188026100397,0.0136785265058279,0.0077912723645567,0.035368513315916,0.4277349412441253
3685,1.0,0.2886170148849488,0.0365188680589199,0.0044137435033917,0.0064889835193753,0.0118111250922083,0.0280310306698083,0.0155650516971945,0.0123686445876955,0.0066468501463532,0.0296713337302207,0.3899767696857452
3686,1.0,0.3935024440288544,0.0816468298435211,0.0088013121858239,0.0119617702439427,0.0242063775658607,0.0460980497300624,0.0534792467951774,0.0207993295043706,0.0203317925333976,0.0583829917013645,0.3236902058124542
3687,1.0,0.7867817282676696,0.2486147135496139,0.0290664564818143,0.0344557762145996,0.047585129737854,0.0841098353266716,0.0655324980616569,0.0510139428079128,0.0995975956320762,0.4597311615943908,0.755151629447937
3688,0.52186119556427,1.0,0.4653719663619995,0.0375700965523719,0.0481110885739326,0.0883459076285362,0.1289694160223007,0.094465747475624,0.0930247157812118,0.1424669176340103,0.2158235162496566,0.1622769832611084
3689,0.843978226184845,0.6816303730010985,0.2113438844680786,0.0199614334851503,0.0314793810248374,0.0649688020348548,0.1351261436939239,0.1315675377845764,0.1097021549940109,0.104361779987812,0.5516594648361206,1.0
3690,0.4625415802001952,1.0,0.6166329979896545,0.419067233800888,0.7479010224342345,0.9233590960502625,0.8864167332649232,0.6281822323799133,0.3393154442310332,0.2773566544055938,0.6134424805641174,0.2668139636516571
3691,0.339335799217224,1.0,0.4003056585788727,0.1289459317922592,0.1716866940259933,0.2136278450489044,0.0852550566196441,0.0509725883603096,0.0387553945183754,0.0448323860764503,0.1610501110553741,0.0811817720532417
3692,0.4753578305244446,1.0,0.2467727065086364,0.050123181194067,0.1267409175634384,0.1862393617630005,0.0745648592710495,0.045415062457323,0.0340772680938243,0.0310619287192821,0.0862287655472755,0.043276596814394
3693,0.5105593204498291,1.0,0.4002056121826172,0.069734513759613,0.1110874563455581,0.0971093103289604,0.1410763263702392,0.199871689081192,0.115664005279541,0.0477709099650382,0.1620110273361206,0.1126992553472518
3694,1.0,0.5923340320587158,0.3200187087059021,0.0608831122517585,0.0264295563101768,0.0640250667929649,0.316830575466156,0.2501496374607086,0.0313542187213897,0.0680897161364555,0.3575569987297058,0.9752897024154664
3695,0.3022436201572418,0.5038557648658752,0.261027693748474,0.0348182581365108,0.0092850802466273,0.0665223225951194,0.1241638585925102,0.032264444977045,0.0275730546563863,0.1428477019071578,0.9693047404289244,1.0
3696,0.2961909472942352,1.0,0.6578544974327089,0.1057641953229904,0.0239994507282972,0.0582190230488777,0.1041237413883209,0.1282591968774795,0.4258420765399933,0.2138528823852539,0.2143509685993194,0.159437283873558
3697,0.1042485907673835,0.382600575685501,0.2386659234762192,0.0343298874795436,0.0080766780301928,0.0307902507483959,0.2247705161571502,0.7630619406700134,1.0,0.2140737771987915,0.0306778755038976,0.0340578779578208
3698,0.3156912326812744,1.0,0.698908805847168,0.265537291765213,0.0805262327194213,0.3567462861537933,0.9698842167854308,0.5314095020294188,0.2722291648387909,0.1732155531644821,0.1672946363687515,0.1136635690927505
3699,0.0841897130012512,0.2333343178033828,0.1505137234926223,0.0821287706494331,0.1647642999887466,0.8350468277931212,1.0,0.576646625995636,0.4904239475727081,0.3327864110469818,0.2471961230039596,0.0722075551748275
3700,0.2782715260982513,0.4901120662689209,0.2157595157623291,0.0802946239709854,0.2432078421115875,1.0,0.6142539978027344,0.3891034424304961,0.4621412754058837,0.3766439259052276,0.2869041264057159,0.1322769224643707
3701,0.6577455401420593,0.7573734521865844,0.4009449183940888,0.1137724444270134,0.220652624964714,1.0,0.3956832885742188,0.0666901394724845,0.153513103723526,0.1357748955488204,0.1663727760314941,0.1318245083093643
3702,1.0,0.7865047454833984,0.2301644831895828,0.0693950355052948,0.0820481181144714,0.4191805720329284,0.2686521112918854,0.1354933977127075,0.2127713114023209,0.2215575724840164,0.1211662366986274,0.0964569449424743
3904,0.93341326713562,0.4152653217315674,0.1359995752573013,0.1470838636159896,0.0992306396365165,0.1122346073389053,0.344157338142395,0.5774246454238892,1.0,0.912469446659088,0.4862784743309021,0.2424362897872924
3905,1.0,0.406792938709259,0.0767614766955375,0.1151303350925445,0.1501669734716415,0.3304898738861084,0.7165635824203491,0.6514203548431396,0.4370504915714264,0.3070553839206695,0.2279894948005676,0.1819956302642822
3906,0.1468725651502609,0.1351412236690521,0.0619110539555549,0.0352526493370533,0.0688626170158386,0.116270400583744,0.1581405252218246,0.1703447699546814,0.4001069962978363,1.0,0.8313705325126648,0.1995124369859695
3907,0.5413456559181212,0.4367249011993408,0.1273858845233917,0.1247284561395645,0.1220407709479332,0.1504508405923843,0.3002859354019165,0.160856232047081,0.131593495607376,0.6058305501937865,1.0,0.3149595260620116
3908,1.0,0.477538377046585,0.0638062432408332,0.01289798412472,0.0257137585431337,0.0740678682923317,0.1415070593357086,0.0755815654993057,0.0639295428991317,0.2385440468788146,0.3282223939895629,0.2688681781291961
3909,1.0,0.9138641953468322,0.0992088168859481,0.0085193589329719,0.0136924292892217,0.0297657884657382,0.0508989170193672,0.0611588135361671,0.0476549454033374,0.0502642430365085,0.0708468556404113,0.1164708212018013
3910,1.0,0.689617395401001,0.1044656932353973,0.0174190923571586,0.0395491197705268,0.0755950585007667,0.1577173322439193,0.1217455565929412,0.0678740665316581,0.0575527995824813,0.0800565928220748,0.1930572390556335
3911,0.4700374603271484,1.0,0.2588877379894256,0.0647351369261741,0.1803468912839889,0.4625124335289001,0.8253521919250488,0.4902381300926208,0.2711326777935028,0.3291079998016357,0.6224180459976196,0.3089074790477752
3912,0.3265066146850585,1.0,0.2902463972568512,0.0393783561885356,0.1118675395846366,0.3421233892440796,0.4625535905361176,0.2258861064910888,0.1137354299426078,0.2700223326683044,0.3444940745830536,0.089173562824726
3913,0.3024098873138428,1.0,0.2657005786895752,0.0378900095820426,0.0799673199653625,0.2076387405395508,0.4044137597084045,0.1990090459585189,0.1190327778458595,0.0835507363080978,0.1574362516403198,0.0787659883499145
3914,1.0,0.9948447346687316,0.323995292186737,0.0464927554130554,0.0972508788108825,0.1674226522445678,0.1936589479446411,0.1678788065910339,0.0828943327069282,0.094041883945465,0.1896267831325531,0.318943291902542
3915,0.4540152549743652,1.0,0.2213518321514129,0.0173679571598768,0.0294759199023246,0.0428397394716739,0.0553239844739437,0.0414991192519664,0.0441782064735889,0.0277760010212659,0.034049529582262,0.0348562374711036
3916,0.3145892620086669,1.0,0.2783262729644775,0.0106649575755,0.0073315072804689,0.0163918677717447,0.0319606401026248,0.0329954959452152,0.0444974415004253,0.0182945653796196,0.0215651001781225,0.0190339908003807
3917,0.6730440258979796,1.0,0.1417065113782882,0.0076963985338807,0.0146240144968032,0.0291372146457433,0.0412998236715793,0.0374899096786975,0.038007952272892,0.0111706797033548,0.0248764976859092,0.0470568351447582
3918,0.668902575969696,1.0,0.1942306011915207,0.020790696144104,0.0410910435020923,0.0863955840468406,0.1587105840444564,0.0886401236057281,0.048939649015665,0.0378387384116649,0.055014282464981,0.0690007209777832
3919,0.2007189989089965,1.0,0.2974218428134918,0.0530205182731151,0.121844545006752,0.2639707922935486,0.5624853372573853,0.3861525058746337,0.194426879286766,0.0948843955993652,0.2181644737720489,0.092025026679039
3920,1.0,0.7989575266838074,0.1365204900503158,0.0182796102017164,0.043100968003273,0.0859256088733673,0.1559655666351318,0.1091149598360061,0.0695359855890274,0.043529387563467,0.123757392168045,0.301111102104187
3921,0.3108448684215545,1.0,0.429090142250061,0.1261511892080307,0.2878085970878601,0.601047158241272,0.9322827458381652,0.5670201778411865,0.4646283984184264,0.2558774352073669,0.4536331593990325,0.3383298814296722
3922,0.1665562838315963,1.0,0.3628734648227692,0.1270141452550888,0.3040253520011902,0.5703297853469849,0.9264628291130066,0.7065871953964232,0.4827704131603241,0.1962498724460601,0.3920652270317077,0.1465099900960922
3923,0.3234477937221527,0.7618255615234374,0.3427246212959289,0.266652375459671,0.6100322604179382,0.8617502450942993,1.0,0.8107571601867675,0.35141322016716,0.1820317357778549,0.5729881525039673,0.2678229212760925
3924,0.4074382781982422,1.0,0.2559387683868408,0.0649286732077598,0.0684754028916359,0.1025620028376579,0.1351349800825119,0.0614865347743034,0.0421134047210216,0.0322219133377075,0.1102098822593688,0.0552474297583103
3925,0.4564940333366393,1.0,0.2223926037549972,0.0394198521971702,0.1406788378953933,0.2184382677078247,0.1742223054170608,0.0718277022242546,0.0453106090426444,0.0451368764042854,0.1534805297851562,0.0651796907186508
3926,0.3108388185501098,1.0,0.2502317726612091,0.0160007178783416,0.081929825246334,0.2201349735260009,0.0987217128276824,0.0476929768919944,0.0254056453704834,0.0208781994879245,0.077900193631649,0.0325577110052108
3927,0.2694858014583588,1.0,0.2762303650379181,0.0088065862655639,0.0263419933617115,0.0939156115055084,0.0501309931278228,0.0338378623127937,0.0635350123047828,0.0419371761381626,0.2201567143201828,0.0657815262675285
3928,0.3131308555603027,1.0,0.2316233366727828,0.0080283200368285,0.0377559252083301,0.1153408885002136,0.0252809189260005,0.0122098131105303,0.0261822659522294,0.0267053507268428,0.1862534135580063,0.0630148574709892
3929,0.3521506786346435,1.0,0.2390636503696441,0.0082056727260351,0.043141197413206,0.1186445653438568,0.0382005311548709,0.0143639454618096,0.0084745828062295,0.0083904061466455,0.060025867074728,0.0295868217945098
3930,0.5587135553359985,1.0,0.2040802836418152,0.0064652608707547,0.0096408072859048,0.0278460960835218,0.0370454676449298,0.0205030813813209,0.0312156621366739,0.013604337349534,0.0732976794242858,0.0509919561445713
3931,0.7122641205787659,1.0,0.1573637127876281,0.0050835427828133,0.0084171751514077,0.025563295930624,0.0535230487585067,0.0298880599439144,0.0225243214517831,0.0109743941575288,0.0431774295866489,0.058509886264801
3932,0.3817035853862761,1.0,0.2189915478229522,0.0205642879009246,0.0285266395658254,0.0540261305868625,0.0894736498594284,0.0600550808012485,0.170311763882637,0.0425848588347434,0.0326520949602127,0.0233469884842634
3933,0.4314489960670471,1.0,0.2271181941032409,0.0182501077651977,0.015335189178586,0.0237334817647934,0.0277933795005083,0.0508304573595523,0.1793185621500015,0.036044392734766,0.0403960831463336,0.0295089092105627
3934,0.5866098403930664,1.0,0.1532869040966034,0.0102859921753406,0.0070495167747139,0.016024662181735,0.0270330589264631,0.0149668529629707,0.0257952604442834,0.0209035817533731,0.0543331354856491,0.0503146722912788
3935,0.4022437036037445,1.0,0.3123495876789093,0.0299214590340852,0.0193906817585229,0.0864876806735992,0.2281375527381896,0.0902992263436317,0.0932494103908538,0.0860591381788253,0.2533214092254638,0.2003898918628693
3936,0.2678436636924744,1.0,0.3990474045276642,0.053463477641344,0.0846324563026428,0.3210433721542358,0.5872477889060974,0.1981475949287414,0.2678869366645813,0.1433873921632766,0.6056020855903625,0.2481933981180191
3937,0.1735468357801437,1.0,0.4296306669712066,0.0385926589369773,0.0637010931968689,0.157045304775238,0.1788935214281082,0.1215730682015419,0.1563448756933212,0.0879783555865287,0.28324094414711,0.1240359842777252
3938,0.2093773484230041,1.0,0.4096481800079345,0.0430250540375709,0.059562761336565,0.1489098519086837,0.2241706699132919,0.1214766278862953,0.1029013991355896,0.0664981678128242,0.3014185428619385,0.1558489501476287
3939,0.1764784306287765,1.0,0.5250771641731262,0.0498524233698844,0.0741389542818069,0.172409638762474,0.2694481611251831,0.1008179783821106,0.0526444651186466,0.0548260435461998,0.3223264217376709,0.1538457125425338
3940,1.0,0.5945991277694702,0.2060844004154205,0.0958911329507827,0.2107827812433242,0.3186454474925995,0.4189558923244476,0.3627753853797912,0.2428040504455566,0.102786898612976,0.1879202276468276,0.4721157252788544
3941,1.0,0.3476300537586212,0.072903573513031,0.0098924357444047,0.0051813162863254,0.0200391542166471,0.053851343691349,0.0384804718196392,0.0382517054677009,0.0336741432547569,0.0817373692989349,0.4350845515727997
3942,1.0,0.2031391561031341,0.0303694363683462,0.0077120582573115,0.0098539348691701,0.0150247951969504,0.0267925430089235,0.0196643508970737,0.0054069710895419,0.0140312556177377,0.0633857175707817,0.5857296586036682
3943,1.0,0.2309012860059738,0.0444877110421657,0.0032245076727122,0.0050815143622457,0.0124207893386483,0.0262637678533792,0.0281393956393003,0.0118869002908468,0.0079353842884302,0.0586756318807601,0.6422209739685059
3944,1.0,0.2288394570350646,0.0326247811317443,0.0036553211975842,0.0046597993932664,0.0077073583379387,0.011357432231307,0.0132891675457358,0.0105915339663624,0.0044721318408846,0.0448119789361953,0.5446773171424866
3945,1.0,0.2315655648708343,0.0289512146264314,0.0033978119026869,0.0047085979022085,0.0072709540836513,0.0142094809561967,0.0192926358431577,0.0112779289484024,0.0053605712018907,0.0533901862800121,0.5269590616226196
3946,1.0,0.2600214779376984,0.0441810339689254,0.0042301923967897,0.0041012205183506,0.0075010154396295,0.0139873996376991,0.0175146888941526,0.0131411282345652,0.006765095051378,0.0612194053828716,0.5953453779220581
3947,1.0,0.2588006258010864,0.0577765889465808,0.0060940394178032,0.0074252868071198,0.0167503170669078,0.0248243398964405,0.0152170099318027,0.0124650234356522,0.0109649579972028,0.0797230303287506,0.6443083882331848
3948,1.0,0.2638839185237884,0.0494722723960876,0.0061048553325235,0.0098014688119292,0.0159103889018297,0.033059686422348,0.0264349021017551,0.0150967305526137,0.0134280305355787,0.0585500486195087,0.5412296652793884
3949,1.0,0.3184225559234619,0.031750701367855,0.0024111031088978,0.0042003546841442,0.0099943289533257,0.0221956986933946,0.0107871610671281,0.0067703565582633,0.0073909405618906,0.042300134897232,0.3972910344600677
3950,1.0,0.3394276797771454,0.0665105506777763,0.0029459369834512,0.004065902903676,0.0078489314764738,0.0165456905961036,0.0156314279884099,0.0132339866831898,0.007066139485687,0.0298067834228277,0.4663963913917541
3951,1.0,0.3746543228626251,0.0385223776102066,0.0042182994075119,0.0087926937267184,0.0131642967462539,0.0279168598353862,0.0263611357659101,0.019812436774373,0.0113497702404856,0.0440542437136173,0.3723548352718352
3952,1.0,0.4787422120571136,0.1077518090605735,0.0123576633632183,0.020829165354371,0.028023287653923,0.0464699938893318,0.0527885518968105,0.0420816801488399,0.0258845686912536,0.1158912479877472,0.3955677449703216
3953,0.8324711322784423,0.2103051245212555,0.0742355063557624,0.0105880601331591,0.0187096111476421,0.0451736450195312,0.1151866316795349,0.0473928824067115,0.0206153653562068,0.0496425814926624,0.3805164098739624,1.0
3954,0.2733235657215118,0.1554555892944336,0.0728264302015304,0.0056874793954193,0.0091675231233239,0.0274309590458869,0.0753156021237373,0.0432526171207428,0.0213940571993589,0.0389829725027084,0.4072806239128113,1.0
3955,0.6821668744087219,0.1384423226118087,0.0475341863930225,0.0052185803651809,0.0094434693455696,0.0209961589425802,0.0515461564064025,0.0266494564712047,0.0139753650873899,0.022645991295576,0.2908931076526642,1.0
3956,0.7725766301155089,1.0,0.375981479883194,0.1641158163547516,0.2778540551662445,0.3549244403839111,0.5134459733963013,0.4847610294818878,0.4232144653797149,0.4024878740310669,0.795032799243927,0.4915779232978821
3957,0.4250380396842956,1.0,0.2565129101276397,0.0175407994538545,0.0150658013299107,0.0300661064684391,0.0435553453862667,0.056323155760765,0.174336090683937,0.1330466866493225,0.1786801964044571,0.0553854517638683
3958,0.4312818944454192,1.0,0.2436937391757964,0.0170685537159442,0.0341967232525348,0.0663555115461349,0.0922041237354278,0.0626302361488342,0.098604679107666,0.0496498830616474,0.1029916033148765,0.0508001707494258
3959,0.515718400478363,1.0,0.194850280880928,0.0167760252952575,0.0371341034770011,0.0718887001276016,0.1051756218075752,0.1055668964982032,0.1547734886407852,0.0831429362297058,0.1537301540374755,0.0706454738974571
3960,0.3859544992446899,1.0,0.2498392909765243,0.008495207875967,0.0278870984911918,0.0774004086852073,0.0413304641842842,0.0496761128306388,0.1849156618118286,0.0526250414550304,0.0986334756016731,0.0436225198209285
3961,0.5169278383255005,1.0,0.3808739483356476,0.0278438813984394,0.057227287441492,0.1697238981723785,0.5594779849052429,0.2688665986061096,0.1852090060710906,0.2212214469909668,0.7521406412124634,0.4264716506004333
3962,0.1781131327152252,0.2122788727283477,0.0916481390595436,0.0117165856063365,0.0576632395386695,0.1792458295822143,0.280699223279953,0.1242837980389595,0.0849904119968414,0.276624470949173,1.0,0.7200400233268738
3963,0.106594830751419,0.5113601088523865,0.2193527519702911,0.0451162904500961,0.1121253967285156,0.5061245560646057,1.0,0.4321139454841614,0.4279676675796509,0.3705258965492248,0.7468326687812805,0.2007268071174621
3964,0.0187673103064298,0.1345241963863372,0.1148258745670318,0.013054902665317,0.1001118719577789,0.5421878695487976,1.0,0.397695243358612,0.0493194796144962,0.0192595478147268,0.0852346122264862,0.0339174345135688
3965,0.0400841049849987,0.1320147067308426,0.0682221800088882,0.0472676903009414,0.507830023765564,1.0,0.6840313076972961,0.1141344532370567,0.0467493124306201,0.0370069406926631,0.1279555857181549,0.0617641396820545
3966,0.1057840958237648,0.1169275417923927,0.0627524927258491,0.073299154639244,0.5273944139480591,1.0,0.7218678593635558,0.1678352057933807,0.108081616461277,0.0878814831376075,0.0959261581301689,0.0559178665280342
3967,0.3591344356536864,0.079052522778511,0.0613166540861129,0.2735239267349243,0.844792604446411,1.0,0.4507954120635986,0.1100624054670333,0.106776513159275,0.1053046286106109,0.1045873016119003,0.2498003840446472
3968,0.4302390217781066,0.1041163578629493,0.0770568773150444,0.2050853818655014,0.7627033591270447,1.0,0.4655077755451202,0.0756824165582656,0.0722134709358215,0.0744784474372863,0.1812656223773956,0.3072533905506134
3969,0.2557711899280548,0.1146790534257888,0.0415595658123493,0.0607237629592418,0.5025108456611633,1.0,0.6673218011856079,0.0963838919997215,0.0374077372252941,0.0495596267282962,0.1008997336030006,0.0752979218959808
3970,0.8401761651039124,0.3323004245758056,0.111548326909542,0.0446247458457946,0.4525502920150757,1.0,0.7526408433914183,0.1022080853581428,0.039976567029953,0.0365820750594139,0.0481513626873493,0.1482848674058914
3971,1.0,0.227266252040863,0.0538674294948577,0.0537830255925655,0.3578763902187347,0.6631059050559998,0.4770509600639343,0.0821751356124877,0.0446345545351505,0.0577562786638736,0.0425609275698661,0.2504598498344421
3972,0.8863998651504515,0.16364286839962,0.0689252987504005,0.1003717184066772,0.6290771961212158,1.0,0.5279545783996582,0.0719888135790824,0.0989940240979194,0.0919301807880401,0.064475268125534,0.3982917368412018
