,C,C#,D,D#,E,F,F#,G,G#,A,A#,B
353,0.2476145625114441,0.4265338480472564,0.7410462498664856,0.6412517428398132,0.3784096539020538,0.490362673997879,0.4101760387420654,0.416747748851776,0.5612790584564209,0.79694664478302,1.0,0.1934500336647033
354,0.2171130031347274,0.2171046435832976,0.4156765937805176,0.4047410488128662,0.2476943433284759,0.2860594093799591,0.4786431193351745,0.7118726968765259,1.0,0.912647485733032,0.97847044467926,0.2116508185863495
355,0.0346908867359161,0.0794268995523452,0.2926526963710785,0.8592227101325988,1.0,0.6039836406707764,0.2311175912618636,0.1831726133823394,0.1539787650108337,0.1046758145093917,0.190331146121025,0.0723982751369476
356,0.060867391526699,0.1477446854114532,0.6281649470329285,1.0,0.684097945690155,0.5104274153709412,0.6661180853843689,0.429707020521164,0.7222679853439331,0.7206720113754272,0.882673740386963,0.2009831070899963
357,0.0801637768745422,0.3567160367965698,0.3717107772827149,0.3771896362304688,0.2426717728376388,0.4288279116153717,1.0,0.5903668403625488,0.4294528365135193,0.3259616196155548,0.2964261174201965,0.0442316010594368
358,0.0770050436258316,0.4724718928337096,0.2488219887018204,0.2185667753219604,0.1201759129762649,0.2399587482213973,1.0,0.3042937219142914,0.0681856349110603,0.0276704002171754,0.0623437985777854,0.0111736562103033
359,0.3881502449512481,0.7547827363014221,0.1989856660366058,0.2350706458091736,0.143112450838089,0.5353558659553528,1.0,0.1636896282434463,0.0641570389270782,0.0273201800882816,0.0483120791614055,0.016593761742115
360,0.2191159725189208,0.4553096890449524,0.7238704562187194,1.0,0.6243413686752319,0.312814712524414,0.3584163784980773,0.2323663383722304,0.3126587867736816,0.1155594438314437,0.1457406878471374,0.0410115495324134
361,0.0397829599678516,0.2335835993289947,0.5875273942947388,1.0,0.7820068597793579,0.3042713999748229,0.1156080439686775,0.2146121859550476,0.3139510452747345,0.0886928811669349,0.0488818325102329,0.0212453883141279
362,0.0120797231793403,0.0575859583914279,0.1027113795280456,0.2993915379047394,0.095212809741497,0.0346549749374389,0.0930463671684265,0.5174262523651123,1.0,0.4395695328712463,0.0427170991897583,0.0039222929626703
363,0.0091211069375276,0.0322979688644409,0.0288934111595153,0.1307368576526641,0.0483307093381881,0.0091799749061465,0.0356995239853858,0.3399114608764648,1.0,0.5114934444427489,0.0315693542361259,0.0017068058950826
364,0.0116834267973899,0.0212042704224586,0.0106730218976736,0.0342756286263465,0.012376862578094,0.0091712111607193,0.0306477360427379,0.3521936237812042,1.0,0.4604633152484894,0.0277293063700199,0.0037395022809505
365,0.0029484466649591,0.0044044712558388,0.0295741651207208,0.1472433060407638,0.0465006008744239,0.0604094117879867,0.1275681108236313,0.408961683511734,1.0,0.3647855520248412,0.0330507978796958,0.0053976513445377
366,0.0048520569689571,0.0096833826974034,0.0250082127749919,0.1552612036466598,0.0418328866362571,0.0478339307010173,0.0921375155448913,0.32132089138031,1.0,0.3483313322067261,0.0233379714190959,0.0034194441977888
367,0.0016512980218976,0.004504982382059,0.0104446318000555,0.0500331260263919,0.0172935463488101,0.0282694976776838,0.0693626105785369,0.5205278396606445,1.0,0.2808839678764343,0.0132434675469994,0.0022623024415224
368,0.0020213432144373,0.0186095722019672,0.0198612697422504,0.0106303058564662,0.0097626401111483,0.1139968782663345,0.6819230914115906,1.0,0.3327420353889465,0.0284301843494176,0.0172076597809791,0.0041411537677049
369,0.0384828932583332,0.1750466376543045,0.0392204262316226,0.0164144188165664,0.0160921495407819,0.2341044396162032,1.0,0.4341152906417847,0.0962440073490142,0.0576183758676052,0.2057142257690429,0.033994436264038
370,0.0538835562765598,0.2195495069026947,0.0386298410594463,0.0405851006507873,0.0701018869876861,0.4084224998950958,1.0,0.1907046437263488,0.0275054648518562,0.0726108476519584,0.1321115493774414,0.0105409240350127
371,0.005791085306555,0.0264166500419378,0.0082449559122324,0.0499318726360797,0.0862490832805633,0.4204467535018921,1.0,0.2759574055671692,0.0283980406820774,0.035232488065958,0.069405511021614,0.0058808182366192
372,0.0087158614769577,0.0374746397137641,0.0208509098738431,0.0227485373616218,0.0697451308369636,0.4638982713222504,1.0,0.3484725952148437,0.0444048941135406,0.0214680656790733,0.0309694893658161,0.0069467802532017
373,0.036144208163023,0.2350001633167266,0.1572305858135223,0.1340972334146499,0.107091873884201,0.3378129303455353,1.0,0.7499963045120238,0.152653619647026,0.1031770259141922,0.1604316681623459,0.0234733894467353
374,0.0310740452259778,0.1679820269346237,0.0612390600144863,0.042325921356678,0.0808915570378303,0.4564745128154754,1.0,0.5575199127197266,0.078510895371437,0.0554855540394783,0.1440959125757217,0.0187284108251333
375,0.0704256668686866,0.2125136852264404,0.033102236688137,0.0313043184578418,0.0889251828193664,0.541710615158081,1.0,0.3903224766254425,0.0390978269279003,0.0474098399281501,0.0778281465172767,0.0089960871264338
376,0.0457408502697944,0.1966766268014908,0.0447858273983001,0.0214010905474424,0.0631597340106964,0.4810188710689544,1.0,0.4657842814922333,0.0449342168867588,0.0305197238922119,0.0515146367251872,0.0086516579613089
377,0.0385257638990879,0.2338354736566543,0.060189314186573,0.0148796904832124,0.0418002940714359,0.4152690768241882,1.0,0.5859327912330627,0.0753676667809486,0.016172856092453,0.0233278106898069,0.0068613197654485
378,0.017106445506215,0.0611899271607399,0.023251274600625,0.0215235780924558,0.0841797664761543,0.5869058966636658,1.0,0.333476424217224,0.0541475228965282,0.0159813184291124,0.0204398185014724,0.0063070077449083
379,0.1509655565023422,0.3789685368537903,0.3062789440155029,0.339773565530777,0.5300693511962891,1.0,0.806014597415924,0.3536373376846313,0.2470043003559112,0.1126836463809013,0.1301342248916626,0.0408427454531192
380,0.044326014816761,0.1115143001079559,0.1073774322867393,0.0957082211971282,0.1487014889717102,0.5112879872322083,1.0,0.7404079437255859,0.2659329175949096,0.0897569805383682,0.122753344476223,0.0352480448782444
381,0.0170521363615989,0.0522350445389747,0.0687683746218681,0.1033918485045433,0.0930055826902389,0.3276782035827636,0.984930157661438,1.0,0.4847496449947356,0.2194882035255432,0.1337790340185165,0.034438706934452
382,0.0263087395578622,0.0795215591788291,0.109179750084877,0.299216330051422,0.227116048336029,0.4193246364593506,0.9257566332817077,0.8851748108863831,1.0,0.4530061185359954,0.1625944077968597,0.0461476556956768
383,0.0598249621689319,0.2055526673793792,0.1924977004528045,0.4067405164241791,0.2356392443180084,0.3627758324146271,0.7404122948646545,0.8396606445312499,1.0,0.4518125355243682,0.3187538385391235,0.0794047266244888
384,0.0773478373885154,0.3158089220523834,0.2768989205360412,0.3035176992416382,0.2368717938661575,0.3703551292419433,0.7678186893463135,1.0,0.8442559838294984,0.3175717294216156,0.2542565166950226,0.069673515856266
385,0.0255310088396072,0.0917371064424514,0.1092446148395538,0.1060730814933776,0.0719130188226699,0.1641929447650909,0.6899833679199219,1.0,0.4192812740802765,0.0856793299317359,0.0441143624484539,0.0098425867035985
386,0.0955198854207992,0.3613960146903992,0.5992933511734009,0.7776790261268615,0.6261069774627686,0.695382833480835,1.0,0.5477055907249451,0.3514645993709564,0.2677137851715088,0.3801474571228027,0.0909527093172073
387,0.1241906583309173,0.5160816907882689,0.8253040909767152,1.0,0.6131190061569214,0.3322629928588867,0.7234421968460083,0.6200336813926697,0.32041135430336,0.4315173625946045,0.8862153887748718,0.2413704395294189
388,0.1834381371736526,0.4620529711246489,0.4235224425792694,0.4292439520359039,0.2680466175079345,0.1122562289237976,0.2192118614912032,0.2959473133087158,0.217035561800003,0.4356971681118011,1.0,0.4534051120281219
389,0.0471896342933177,0.1335231214761734,0.1653413474559784,0.2068895548582076,0.2456752955913544,0.4692871272563934,1.0,0.8207942247390747,0.1906051337718964,0.1044574454426765,0.3142057955265044,0.1469342708587646
390,0.0349690876901149,0.081350065767765,0.0604948997497558,0.0738775953650474,0.1293503195047378,0.5083837509155273,1.0,0.5372670292854309,0.1222980469465255,0.1132918745279312,0.247067391872406,0.0563800781965255
391,0.0391939096152782,0.1739711016416549,0.0725404545664787,0.0473358258605003,0.0968776270747184,0.4651449620723724,1.0,0.382642388343811,0.0981860160827636,0.0994133278727531,0.2968681156635284,0.0497905276715755
392,0.0224229581654071,0.0674920082092285,0.0433462336659431,0.0240187514573335,0.0214317347854375,0.2678182423114776,1.0,0.5216261744499208,0.1225664690136909,0.0930501148104667,0.330453872680664,0.0696380212903022
393,0.0718360915780067,0.2767921090126037,0.1020948365330696,0.0713486224412918,0.0683155581355094,0.3710430860519408,1.0,0.6002548336982727,0.1053619980812072,0.042834959924221,0.1354022175073623,0.0449411757290363
394,0.1099357232451438,0.5168605446815491,0.5164133310317993,0.4465663731098175,0.4276396632194519,0.7928485870361328,1.0,0.6114519238471985,0.3155364990234375,0.1855596601963043,0.3202852308750152,0.1047302633523941
395,0.3293572068214416,0.9640299081802368,0.9825865626335144,0.9755103588104248,0.5723636150360107,0.4182460308074951,0.7452820539474486,0.7217222452163696,0.4294088184833527,0.4862702786922455,1.0,0.4082576334476471
396,0.0991573482751846,0.1949812918901443,0.2200493663549423,0.2673808932304382,0.1751319617033004,0.2019569724798202,0.4083609879016876,0.4088998436927795,0.2848475873470306,0.363409161567688,1.0,0.3356505632400512
397,0.1275428384542465,0.2981837689876556,0.2392495274543762,0.2293628901243209,0.2976692914962768,0.6332603096961975,1.0,0.865235447883606,0.5168716907501221,0.2023714631795883,0.7095962166786194,0.3309960663318634
398,0.011235418729484,0.0362403616309166,0.0647395104169845,0.1045727208256721,0.1646942347288131,0.584476113319397,1.0,0.5296466946601868,0.2336010932922363,0.1204691976308822,0.188217282295227,0.0646088495850563
399,0.0397092141211032,0.1107939481735229,0.1767942309379577,0.7461714148521422,0.393098384141922,0.4242642223834992,0.7689757943153381,0.6429778933525084,1.0,0.4107567071914673,0.2952492833137512,0.101294532418251
400,0.0487699583172798,0.1845966279506683,0.2501256167888641,0.97770357131958,0.3486588299274444,0.1542602777481079,0.2807177603244781,0.4480822086334229,1.0,0.4238730370998383,0.3625038266181946,0.121054396033287
401,0.0753647536039352,0.2546081244945526,0.240379586815834,0.6045423150062561,0.2126156836748123,0.2287502437829971,0.4533735215663909,0.5639786720275879,0.853446900844574,0.5335788130760193,1.0,0.327870100736618
402,0.0367282554507255,0.1304524093866348,0.1091722771525382,0.1694724857807159,0.1447239071130752,0.2029052376747131,0.5418317317962646,1.0,0.67434161901474,0.3606085777282714,0.8514164090156555,0.2776503562927246
403,0.0352720655500888,0.1839660853147506,0.1554389894008636,0.1574741303920745,0.2307783514261245,0.7083526253700256,1.0,0.339511901140213,0.1623708009719848,0.0991686508059501,0.341860294342041,0.1177936270833015
404,0.0802558362483978,0.3854662179946899,0.6258606314659119,1.0,0.6734364628791809,0.4646738767623901,0.7013583779335022,0.6326859593391417,0.2410680651664733,0.2073191851377487,0.8494666218757628,0.238730788230896
405,0.0569826811552047,0.2231916636228561,0.6532639265060425,1.0,0.6706095337867737,0.2626049518585204,0.3833403289318084,0.4656733870506287,0.4126887023448944,0.2248993813991546,0.8339575529098511,0.2209804356098175
406,0.0785384848713874,0.2760148346424103,0.8594939112663269,1.0,0.5919954776763916,0.1634095162153244,0.2500978708267212,0.3721583783626556,0.2673362493515014,0.126961126923561,0.1441210955381393,0.0630545169115066
407,0.0327846370637416,0.1787921637296676,0.7842658758163453,0.8042021989822388,0.5027617216110228,0.3511931300163269,0.7797676920890808,1.0,0.5438946485519409,0.1916956603527068,0.096019335091114,0.0253427606076002
408,0.0223033763468265,0.2209346145391464,0.2785150706768036,0.4175616204738617,0.3748691976070404,0.4110617637634277,1.0,0.8344506025314331,0.4395618140697479,0.2144023478031158,0.0951523333787918,0.0153103787451982
409,0.0316110141575336,0.1730819344520568,0.6254417300224304,0.7812310457229614,0.5503153800964355,0.4909012317657471,1.0,0.5822842717170715,0.3088431060314178,0.1661047935485839,0.1431900411844253,0.0308069363236427
410,0.0281460527330636,0.0875158905982971,0.5690228939056396,1.0,0.7183613181114197,0.288413405418396,0.3856939077377319,0.3469609916210174,0.2154026627540588,0.1680694371461868,0.3721611201763153,0.1114390268921852
411,0.0291764345020055,0.1196659132838249,0.6029818654060364,1.0,0.6689181327819824,0.2066578418016433,0.3127540946006775,0.303995817899704,0.3390529751777649,0.2182393819093704,0.38114333152771,0.1070116832852363
412,0.0077809616923332,0.0234688613563776,0.123656690120697,0.288087248802185,0.1373553872108459,0.0346890650689601,0.1067880615592002,0.4905281364917755,1.0,0.4074713289737701,0.0788823887705802,0.0188986156135797
413,0.0119680082425475,0.0129103837534785,0.0689682140946388,0.289045125246048,0.0859016850590705,0.0063129337504506,0.0282673072069883,0.4059640765190125,1.0,0.4789267778396606,0.031049495562911,0.0060213143005967
414,0.0249052159488201,0.0084860874339938,0.0551658533513546,0.180709883570671,0.0260526333004236,0.0119356196373701,0.0553590320050716,0.5376831293106079,1.0,0.3495927453041076,0.0156446397304534,0.013409866951406
415,0.013272751122713,0.009975329041481,0.0584953315556049,0.1960247009992599,0.0607490725815296,0.0268900021910667,0.0603091493248939,0.4977786540985107,1.0,0.3861478865146637,0.0254068542271852,0.0092866010963916
416,0.0089388350024819,0.0242220442742109,0.0369259715080261,0.1287306547164916,0.0398379638791084,0.0348921716213226,0.1193233430385589,0.5107394456863403,1.0,0.4529835283756256,0.0428981035947799,0.0066786617971956
417,0.0066053885966539,0.0184835847467184,0.046318169683218,0.1112207025289535,0.0326439999043941,0.0222275760024786,0.078368604183197,0.5300620794296265,1.0,0.3868598341941833,0.04736765101552,0.0081995110958814
418,0.0103349704295396,0.015947513282299,0.0547137185931205,0.291425883769989,0.088864654302597,0.0234252624213695,0.0612037144601345,0.4776928424835204,1.0,0.4252569973468781,0.0485922172665596,0.008406133390963
419,0.0179827697575092,0.0085422061383724,0.0481366068124771,0.4702166318893432,0.1698524206876754,0.0223409831523895,0.0679938346147537,0.3727017045021056,1.0,0.5675711035728456,0.0568438060581684,0.0084557207301259
643,0.1233463361859321,0.3733641207218169,0.3514347076416016,0.5020101070404053,0.3330163359642029,0.4425689876079559,0.5121565461158752,0.3804113268852233,0.4697255492210388,0.5035668015480042,1.0,0.1482774168252944
644,0.0554879233241081,0.0995106622576713,0.2528190612792969,0.335461676120758,0.2544247806072235,0.1611191630363464,0.2028942704200745,0.2344756424427032,0.4264568090438842,0.9619277119636536,1.0,0.1607087701559066
645,0.0114891529083251,0.0107550788670778,0.0255373436957597,0.0794330015778541,0.1713654547929763,0.1968681067228316,0.1411880999803543,0.0938389375805855,0.3315169215202331,1.0,0.5599950551986694,0.0533075928688049
646,0.0290466751903295,0.0943385511636734,0.2889172732830048,0.3632097244262695,0.2296276092529297,0.1046878769993782,0.1095585450530052,0.1321206241846084,0.4124586880207062,1.0,0.6036773920059204,0.0734115988016128
647,0.0319780521094799,0.1937197297811508,0.7162646651268004,0.8467174172401427,0.407055139541626,0.0697559416294097,0.1786926686763763,0.5504958033561707,1.0,0.6249051690101624,0.2766458094120025,0.0447334200143814
648,0.0477980971336364,0.2483004182577133,0.7336925864219666,1.0,0.5903564691543579,0.1123390197753906,0.1078528016805648,0.1092709973454475,0.0863598585128784,0.0669610351324081,0.1630677580833435,0.0436851121485233
649,0.0842181667685508,0.4018913209438324,1.0,0.8712802529335022,0.3780920207500458,0.2098532915115356,0.1420385092496872,0.1095291152596473,0.1053844839334488,0.0983478054404258,0.213063508272171,0.076357677578926
650,0.0590686425566673,0.170210987329483,0.4964999556541442,0.805146813392639,0.9883458018302916,1.0,0.619499683380127,0.1560705155134201,0.1214019060134887,0.0601368397474288,0.0793609172105789,0.0272834002971649
651,0.3070440590381622,0.4405916035175323,0.3101916909217834,0.4368218183517456,0.4851831495761871,0.9291837811470032,1.0,0.2066189348697662,0.1153174862265586,0.0939197912812232,0.1395123898983001,0.0443360023200511
652,0.3146491646766662,0.5570154786109924,0.2037827968597412,0.2022242546081542,0.2271450161933899,0.7642826437950134,1.0,0.257753849029541,0.1714821308851242,0.1275026798248291,0.218860313296318,0.0631087496876716
653,0.0742940902709961,0.3292645812034607,0.4949462413787842,0.6543415188789368,0.4300914108753204,0.5065486431121825,1.0,0.5711740851402283,0.3553274571895599,0.2830879390239715,0.4504031538963318,0.0811736583709716
654,0.1092792898416519,0.2351091504096985,0.6331679224967957,1.0,0.9284726977348328,0.7638723254203795,0.524185061454773,0.3181258141994476,0.2279324382543564,0.1794530600309372,0.3176762461662292,0.0810719281435012
655,0.4832762479782104,0.5491060614585876,0.7868812680244445,0.962968111038208,0.5388599634170532,0.7907184958457946,0.8167028427124022,0.9958361387252808,0.8892176747322081,0.8206983804702759,1.0,0.4577866494655608
656,0.2323169708251952,0.3502547144889831,0.7238776087760925,1.0,0.5352554321289064,0.5839114785194397,0.6969029903411865,0.6081498861312865,0.4825299680233001,0.4903696179389953,0.7430717945098878,0.2775640785694122
657,0.0102327112108469,0.0228441413491964,0.0969269722700119,0.1610707938671112,0.0859522446990013,0.0254839975386858,0.0374148674309253,0.3093224465847015,1.0,0.8651769161224365,0.1972111910581588,0.0267366971820592
658,0.0058909538201987,0.0137666491791605,0.0481789037585258,0.1010805964469909,0.0688416808843612,0.0209809802472591,0.0084150256589055,0.1635171175003051,1.0,0.9577262401580808,0.1584534496068954,0.0186325889080762
659,0.0103857675567269,0.0228353608399629,0.0529004968702793,0.0786194279789924,0.0418732725083828,0.0082822181284427,0.0104580270126461,0.2681771516799927,1.0,0.6755983829498291,0.0640631690621376,0.0052151181735098
660,0.0057143275626003,0.0146550564095377,0.0537725761532783,0.0823060274124145,0.0372197851538658,0.0046809031628072,0.0120313316583633,0.3182719349861145,1.0,0.5922017693519592,0.047970812767744,0.0032003480009734
661,0.007846281863749,0.0257487073540687,0.0708556622266769,0.1075548306107521,0.0666677430272102,0.0139538636431097,0.0160930957645177,0.3266806900501251,1.0,0.5653406381607056,0.0396311357617378,0.0027706518303602
662,0.0170020163059234,0.0819038674235343,0.3284440338611603,0.6011675000190735,0.4637035727500916,0.1355896592140197,0.2113313227891921,0.78837913274765,1.0,0.3026687800884247,0.04651415720582,0.0131044844165444
663,0.0683293640613555,0.4434483051300049,1.0,0.981145441532135,0.4714288115501404,0.1455665677785873,0.6367685794830321,0.5209490656852721,0.3578626215457916,0.1862405687570572,0.0734350904822349,0.0163021050393581
664,0.2116281688213348,0.8515797257423402,0.6314963698387146,0.7941830158233641,0.5161519646644592,0.3314065337181092,1.0,0.4533367753028869,0.4991309344768524,0.166463166475296,0.073260448873043,0.0205802787095308
665,0.0884332507848739,0.4188751876354217,0.5322088003158569,0.5450003743171692,0.3061073124408721,0.3398673236370086,1.0,0.4556131958961487,0.2477188110351562,0.1097865402698516,0.1418528258800506,0.0280606411397457
666,0.0128593733534216,0.0499475300312042,0.166212648153305,0.1738106608390808,0.1069032177329063,0.3638066351413727,1.0,0.5388226509094238,0.0829872488975524,0.0304002165794372,0.0603758990764617,0.0164473783224821
667,0.0051422622054815,0.030386283993721,0.0566221214830875,0.0603535287082195,0.0549038797616958,0.3585234582424164,1.0,0.7623255848884583,0.1089909523725509,0.0149302948266267,0.0292266067117452,0.0072149666957557
668,0.012308039702475,0.0241349563002586,0.0416801832616329,0.0563266277313232,0.0723051875829696,0.408389002084732,1.0,0.5584869384765625,0.0694750621914863,0.0106766019016504,0.0200581941753625,0.007842069491744
669,0.078092873096466,0.1882347166538238,0.0965551510453224,0.1353369206190109,0.093513935804367,0.3981640934944153,1.0,0.2285427749156952,0.0473534576594829,0.0187248419970274,0.024375407025218,0.0112599022686481
670,0.1713648587465286,0.3845245242118835,0.0636819899082183,0.0460936725139617,0.0375496223568916,0.315227061510086,1.0,0.6977577209472656,0.2984900176525116,0.0837602317333221,0.0623574182391166,0.028812563046813
671,0.1092047244310379,0.3967628777027129,0.5303857922554016,0.608597993850708,0.4878084659576416,0.5280895233154297,1.0,0.8090565800666809,0.5658478736877441,0.3718902468681336,0.4142325520515441,0.0816156342625618
672,0.0178816094994545,0.0826067253947258,0.1553327590227127,0.1849503815174102,0.1096312329173088,0.2148988842964172,0.631382942199707,1.0,0.9725139737129213,0.3545047640800476,0.0527191720902919,0.0066337822936475
673,0.0169390514492988,0.0561547428369522,0.0967469215393066,0.2900413572788238,0.0678237378597259,0.0335861928761005,0.1004791557788848,0.4370169043540954,1.0,0.3447487950325012,0.0324414633214473,0.0071128732524812
674,0.0102114556357264,0.0389143750071525,0.0957491993904113,0.2048567235469818,0.0325500965118408,0.0187035612761974,0.1039209067821502,0.6260378360748291,1.0,0.2241920381784439,0.0178852714598178,0.0040327184833586
675,0.0107517018914222,0.0427661575376987,0.0748276114463806,0.1086989045143127,0.0186479818075895,0.025133254006505,0.1329729706048965,0.7907151579856871,1.0,0.1835075467824936,0.0183363649994134,0.0035093347541987
676,0.0072884121909737,0.0320931039750576,0.0730265751481056,0.1791563034057617,0.0187058057636022,0.020988555625081,0.0637339726090431,0.5443427562713623,1.0,0.2483060508966445,0.0125512070953845,0.0028513283468782
677,0.0066627766937017,0.0297999009490013,0.0217420663684606,0.0388085134327411,0.0071272295899689,0.0209318548440933,0.1281754672527313,0.7460919618606566,1.0,0.2133759409189224,0.0075881266966462,0.0031655183993279
1631,0.1015695184469223,0.3281193375587463,0.2298884391784668,0.0919894278049469,0.0913342535495758,0.5965434312820435,1.0,0.269585222005844,0.1508947312831878,0.1454058438539505,0.2208361029624938,0.1075568348169326
1632,0.1139775440096855,0.3251650333404541,0.3498930633068084,0.1466318517923355,0.1185506135225296,0.7182630300521851,1.0,0.2691814005374908,0.3629844188690185,0.2600874006748199,0.3667164146900177,0.0679564401507377
1633,0.1159214004874229,0.7175132632255553,1.0,0.7597782611846925,0.5292137861251831,0.435967057943344,0.7846956849098204,0.6375189423561096,0.2944527566432953,0.1578192710876464,0.5207550525665283,0.126668632030487
1634,0.0942780524492263,0.6461162567138672,1.0,0.5837803483009337,0.2969962358474731,0.1641316562891006,0.5056533813476562,0.329517662525177,0.1665596663951873,0.1415218114852905,0.3154570162296295,0.1243645325303077
1635,0.311277449131012,1.0,0.7675902247428894,0.7956002950668336,0.4956636130809784,0.5397414565086365,0.9073778986930848,0.1871526092290878,0.0927610844373703,0.2565086185932159,0.7560129761695863,0.1771887093782425
1636,0.4674034416675568,1.0,0.3819707632064819,0.38371142745018,0.1577765792608261,0.2606823444366455,0.4038725197315216,0.1210709288716316,0.0477435775101184,0.1097170189023017,0.1750423610210418,0.0623164363205432
1637,0.4346789717674255,1.0,0.3834699094295501,0.4549281895160675,0.20537069439888,0.2236562371253967,0.5422422885894775,0.1128616258502006,0.0411298908293247,0.0566391274333,0.1107806414365768,0.0667845234274864
1638,0.2265950292348861,1.0,0.3972788155078888,0.3673791289329529,0.1784028559923172,0.2720193564891815,0.8126981258392334,0.1810768991708755,0.0484129562973976,0.0546231940388679,0.1789573580026626,0.0648721903562545
1639,0.1576985269784927,0.8215426802635194,0.9002015590667725,1.0,0.6135478615760803,0.3779157698154449,0.8507390022277832,0.3046822845935821,0.100117839872837,0.1537730246782302,0.5460149645805359,0.2838859260082245
1640,0.1879855841398239,0.8525013327598571,1.0,0.8283889293670654,0.6305582523345947,0.6401069164276123,0.4622068405151367,0.1674577593803405,0.0859864503145217,0.1823653131723404,0.5145700573921204,0.3207745552062988
1641,0.152950033545494,0.6007099747657776,0.6790090799331665,1.0,0.7168422937393188,0.1949426233768463,0.1994542330503464,0.1367871165275573,0.1365708857774734,0.2759687602519989,0.5227006673812865,0.2799214422702789
1642,0.0721880346536636,0.2529168426990509,0.2453690320253372,0.2857280969619751,0.396435260772705,0.4195722639560699,0.1802707761526108,0.185080960392952,0.2282374650239944,0.409211367368698,1.0,0.2950984835624695
1643,0.0495184548199176,0.0886877328157424,0.2622122466564178,0.3461137115955353,0.2649247944355011,0.482547104358673,0.4846971035003662,0.5437314510345458,0.8068718314170836,0.3545892834663391,1.0,0.3292042016983032
1644,0.0608049444854259,0.0823739469051361,0.5326231718063353,0.8273335695266724,0.2836650907993316,0.3274722397327423,0.3984571099281311,0.9762002825737,1.0,0.3095324635505676,0.7161757349967957,0.2478378117084503
1645,0.0902424156665801,0.2148633599281311,0.5159711241722107,0.6539234519004822,0.2410330325365066,0.2642867863178252,0.3648016452789306,1.0,0.8961369991302489,0.2046003639698028,0.3232150375843048,0.138450801372528
1646,0.09155885130167,0.443710207939148,0.6028597354888916,0.6585415005683899,0.3656136691570281,0.272551417350769,0.2384880036115646,0.5439203381538391,0.583533763885498,0.4281273782253265,1.0,0.3026008605957031
1647,0.2240526974201202,0.6387645602226257,0.7608135342597961,0.6403015851974487,0.3851845264434814,0.8777471780776978,0.7390313148498534,0.5679901242256165,0.4617049098014832,0.4871218204498291,1.0,0.2854991257190704
1648,0.1061929538846016,0.3760050237178801,0.5363555550575256,0.6174655556678772,0.4695944190025329,0.9594032764434814,0.7238802313804625,0.4184705317020416,0.2759040594100952,0.3316771984100342,1.0,0.3014858365058899
1649,0.0731982961297035,0.1827714145183563,0.10956871509552,0.1742275655269622,0.1389482468366623,0.2391152828931808,0.1607417911291122,0.0815830528736114,0.091448850929737,0.193447932600975,1.0,0.3790548443794249
1650,0.1421312689781188,0.4652450382709503,0.2588296830654144,0.249455839395523,0.3993896543979645,0.8374944925308228,1.0,0.2726035416126251,0.1496344208717346,0.2276163697242736,0.4608098566532135,0.2303011119365692
1651,0.1413002759218216,0.7607426643371582,0.7403714656829835,0.5567780137062073,0.5330945253372192,0.4507353901863097,0.9844771027565,0.541667640209198,0.2190562784671783,0.2797828614711761,1.0,0.380043476819992
1652,0.1181173399090766,0.5682274699211121,0.2580897808074951,0.157620370388031,0.1216460838913917,0.3202809691429138,1.0,0.437678188085556,0.0477376170456409,0.0956405401229858,0.5305891036987305,0.13164584338665
1653,0.102590911090374,0.6007637977600098,0.2589687705039978,0.0611738786101341,0.0525400936603546,0.3105565905570984,1.0,0.5970396399497986,0.0636384487152099,0.1488016545772552,0.8885193467140197,0.2320486605167389
1654,0.0521858520805835,0.3689963817596436,0.1614141315221786,0.0453223921358585,0.0418918021023273,0.2726763486862182,1.0,0.5717446804046631,0.0492284819483756,0.0775385424494743,0.4777758121490479,0.113349974155426
1655,0.0451928600668907,0.1890378892421722,0.0663108006119728,0.0424772799015045,0.0456885918974876,0.3951750695705414,1.0,0.3474198579788208,0.0246180687099695,0.0406545214354991,0.2184433788061141,0.0483605563640594
1656,0.0782548338174819,0.207739919424057,0.0783302932977676,0.0618181340396404,0.1048606187105178,0.5994236469268799,1.0,0.2728581726551056,0.0223729293793439,0.0191555730998516,0.054539181292057,0.0187921095639467
1657,0.0556685142219066,0.1865530759096145,0.1821702271699905,0.2045102566480636,0.1460690200328827,0.3945156335830688,1.0,0.6608484983444214,0.0768247842788696,0.0207693353295326,0.0634266659617424,0.0221672058105468
1658,0.1086294949054718,0.3068288266658783,0.7794171571731566,1.0,0.587615966796875,0.3153286278247832,0.7135441303253174,0.4445495009422302,0.278705596923828,0.1302113234996795,0.1228033229708671,0.0716139003634452
1659,0.2393509745597839,0.3598310351371764,0.3376328349113464,1.0,0.9252962470054624,0.5441339015960692,0.4131209552288056,0.493127316236496,0.6274248957633972,0.2609842121601105,0.2550770938396454,0.1367485523223876
1660,0.1273850053548813,0.215428426861763,0.1844060271978378,0.1617725193500518,0.1575179994106292,0.5518752336502075,1.0,0.7335858345031737,0.5051465034484863,0.2519633173942565,0.2220141887664795,0.0975731387734413
1661,0.2206095308065414,0.2223887294530868,0.3121692836284637,0.4924919307231903,0.247848704457283,0.4967140555381775,1.0,0.6941129565238953,0.3561784029006958,0.3198583722114563,0.8594074845314026,0.3483834266662597
1662,0.2653797268867492,0.3796768486499786,0.5420525670051575,1.0,0.4075662493705749,0.195893108844757,0.2330837398767471,0.1778161972761154,0.2474750727415084,0.3272340595722198,0.5627123117446899,0.3061550855636596
1663,0.1908063441514969,0.4181312620639801,0.5351399183273315,1.0,0.4509913623332977,0.2078591138124465,0.17864291369915,0.1188005283474922,0.1717374622821808,0.2513386607170105,0.4488264918327332,0.2393264174461364
1664,0.2437847554683685,0.3772896826267242,0.3287146687507629,0.6648529767990112,0.3513420224189758,0.4570389091968536,0.5006982088088989,0.3728553652763367,0.5427905321121216,0.6504068374633789,1.0,0.4609434902667999
1665,0.3702216744422912,0.4889462888240814,0.2998406291007996,0.5219524502754211,0.2735211849212646,0.3909511268138885,0.4475217759609222,0.3156188428401947,0.2605910301208496,0.3763616085052489,1.0,0.5984331965446472
1666,0.38371941447258,0.33067587018013,0.1910640746355056,0.245111659169197,0.1501809805631637,0.2265604585409164,0.4413859844207764,0.2072271853685379,0.2385433316230773,0.4036919176578522,1.0,0.6553776860237122
1667,0.167279377579689,0.1529573500156402,0.1644855141639709,0.3242923021316528,0.4480843544006348,0.6913325786590576,1.0,0.4731485843658447,0.1164965257048606,0.1398188024759292,0.353296548128128,0.2420977354049682
1668,0.0673084333539009,0.0606430917978286,0.0484397821128368,0.0599047280848026,0.0445252880454063,0.1819634437561035,1.0,0.6108966469764708,0.2042399048805236,0.2384947091341018,0.3970404863357544,0.2048916071653366
1669,0.0688299834728241,0.3401173055171966,0.1652044653892517,0.0509045757353305,0.0323440842330455,0.119987703859806,1.0,0.6264225244522095,0.1213638707995414,0.1036747246980667,0.3900190591812134,0.1895295828580856
1670,0.1043513938784599,0.2741223275661468,0.1469596773386001,0.1067409515380859,0.0595218874514102,0.1770249605178833,1.0,0.6169306039810181,0.1544026732444763,0.2207386046648025,0.7459416985511779,0.2916912138462066
1671,0.0875745192170143,0.1027719974517822,0.0675916448235511,0.0994189828634262,0.0449442528188228,0.290334403514862,1.0,0.4858105182647704,0.1154835894703865,0.1359223425388336,0.3547560572624206,0.1882459074258804
1672,0.1240280494093894,0.158991664648056,0.082731194794178,0.1794973760843276,0.0892117172479629,0.3093733489513396,1.0,0.6607439517974854,0.1424419581890106,0.1699871867895126,0.3745640516281128,0.2232059240341186
1673,0.2525429129600525,0.1253111809492111,0.1313158869743347,0.2448778450489044,0.0751620531082153,0.0824498161673545,0.2775385975837707,0.3309984505176544,0.4269420504570007,0.5638297200202942,1.0,0.602936625480652
1674,0.2659885585308075,0.122541606426239,0.25937220454216,0.610349178314209,0.1155116632580757,0.116346888244152,0.24549001455307,0.4148873984813689,0.9891035556793212,0.5721927285194397,1.0,0.6030442714691162
1675,0.3496521711349488,0.1628535836935043,0.2898812294006348,0.5483744740486145,0.1145543232560157,0.0811249539256096,0.1966090649366378,0.4049685597419738,0.9189515709877014,0.4844387471675873,1.0,0.6822407841682434
1676,0.1623472571372985,0.0868341848254203,0.1026279777288436,0.2125727385282516,0.1566354483366012,0.1141890734434127,0.1658404171466827,0.2131848186254501,0.4574896395206451,0.5970191955566406,1.0,0.5032532215118408
1677,0.2562168836593628,0.2893716692924499,0.2530442178249359,0.3822207748889923,0.1844202578067779,0.2752103507518768,0.3980384767055512,0.3011216819286346,0.25020632147789,0.3712175190448761,1.0,0.5309521555900574
1678,0.181285098195076,0.211908146739006,0.3044746816158294,0.4049614667892456,0.2444657981395721,0.2057031244039535,0.2762231528759002,0.272078275680542,0.2573976814746856,0.368006557226181,1.0,0.5144755244255066
1679,0.2036450803279876,0.281921088695526,0.2245503664016724,0.2470393031835556,0.1974270194768905,0.426809698343277,1.0,0.4334091544151305,0.1102352663874626,0.2388726025819778,0.763507306575775,0.4047214984893799
1680,0.0723196193575859,0.0617836266756057,0.043636966496706,0.0725525766611099,0.1549317985773086,0.6505851745605469,1.0,0.1925408244132996,0.0513299331068992,0.1114247441291809,0.2729456722736358,0.1217486187815666
1681,0.1143906414508819,0.2380701452493668,0.0679675936698913,0.1001605987548828,0.1278619021177292,0.2367088794708252,1.0,0.3729980289936065,0.0977671295404434,0.2428801506757736,0.6893113851547241,0.2711238861083984
1682,0.2078158408403397,0.1203414052724838,0.0462105013430118,0.0500172600150108,0.0486199222505092,0.3052471578121185,0.6288328766822815,0.4033786058425903,0.167178064584732,0.3476362824440002,1.0,0.5190529823303223
1683,0.2060009837150573,0.297489196062088,0.1212058439850807,0.0555290542542934,0.0735021531581878,0.3550469875335693,0.7477743625640869,0.4392712116241455,0.2362530380487442,0.397267073392868,1.0,0.5886279344558716
1684,0.0792550817131996,0.210639163851738,0.249999314546585,0.1943057030439376,0.2278627604246139,0.6379623413085938,0.9377374649047852,0.4873309135437012,0.4376515448093414,0.4624283015727997,1.0,0.4912520051002502
1685,0.1136885806918144,0.2130379974842071,0.2294918000698089,0.2622720003128052,0.2610365748405456,0.4718230366706848,0.6856560707092285,0.4307915866374969,0.2396619021892548,0.2256142497062683,1.0,0.3480890989303589
1686,0.0651899501681327,0.2151056379079818,0.1739844381809234,0.2777992188930511,0.295020043849945,0.2420583367347716,0.2232604473829269,0.2631776034832001,0.2846477031707764,0.344629168510437,1.0,0.313877135515213
1687,0.0776168256998062,0.1507424563169479,0.1017243266105651,0.1600757241249084,0.1849700212478637,0.0988588631153106,0.1220268756151199,0.1635747849941253,0.209376186132431,0.3006485402584076,1.0,0.3255949616432189
1688,0.0612514540553092,0.1021989434957504,0.0746967568993568,0.1225683465600013,0.2049016952514648,0.1097926422953605,0.1444877833127975,0.1583640277385711,0.1114241853356361,0.1689522862434387,1.0,0.3678203523159027
1689,0.0469435229897499,0.1095359995961189,0.1496085673570633,0.3092477321624756,0.1979032009840011,0.1035775169730186,0.1221733838319778,0.1265231072902679,0.1062024906277656,0.1641441434621811,1.0,0.3252069354057312
1690,0.0617488287389278,0.1073662713170051,0.3114088773727417,0.5083404183387756,0.2768118381500244,0.0660719722509384,0.0608470849692821,0.0819131657481193,0.1290315836668014,0.2005068808794021,1.0,0.2790403664112091
1691,0.0571009293198585,0.1908442378044128,0.5674918293952942,1.0,0.3752382695674896,0.0431996323168277,0.0349101908504962,0.0551633723080158,0.0612331591546535,0.0682201385498046,0.1771374344825744,0.0730596482753753
1692,0.0653654187917709,0.1559235453605651,0.4445586502552032,1.0,0.3297430574893951,0.1273736208677292,0.1546942889690399,0.1143593117594718,0.0745642185211181,0.0888094753026962,0.3483893275260925,0.1321813613176345
1693,0.0377974323928356,0.12674380838871,0.1954049915075302,0.4991059303283691,0.225494623184204,0.297446310520172,0.7793613076210022,1.0,0.8268136978149414,0.5964570045471193,0.5018664002418518,0.1415275484323501
1694,0.0436570830643176,0.1404620260000229,0.3617824614048004,0.6715632677078247,0.1703024357557296,0.1956437081098556,0.5510541200637816,0.979966342449188,1.0,0.4576481282711029,0.6864843368530273,0.1816658824682236
1695,0.0679046809673309,0.1974042654037475,0.2798975706100464,0.5352881550788879,0.2849638164043426,0.2847676873207092,0.6474918127059937,0.6719038486480713,0.3833941221237183,0.3313381373882293,1.0,0.2557802498340606
1696,0.1245126351714134,0.2182171940803528,0.2433046698570251,0.3213486671447753,0.2118036895990372,0.2924448847770691,0.7234274744987487,0.5809528231620789,0.3405707776546478,0.3743331432342529,1.0,0.2371945232152938
1697,0.1571219563484192,0.2916522622108459,0.2716513574123382,0.3041988015174866,0.2624699473381042,0.5148277282714844,1.0,0.6023712754249573,0.3687670230865479,0.3041662275791168,0.5376206636428833,0.2845942378044128
1698,0.0770037993788719,0.2072612345218658,0.2823176980018616,0.3654745817184448,0.2214169204235077,0.2299608290195464,0.5998795032501221,0.808388650417328,1.0,0.6891692280769348,0.2060602754354477,0.0773203372955322
1901,0.2491844892501831,0.3335228264331817,0.1950880587100982,0.1597636342048645,0.1718565374612808,0.6414659023284912,1.0,0.6249780058860779,0.3499078154563904,0.3185223937034607,0.4238464534282684,0.1241954490542411
1902,0.3102928698062897,0.308086484670639,0.252801239490509,0.2482272833585739,0.2030345052480697,0.6222005486488342,1.0,0.863711416721344,0.8536961674690247,0.5896658301353456,0.7608665823936462,0.2406972348690032
1903,0.0585159212350845,0.0591096803545951,0.0553801991045475,0.1469830274581909,0.3676538169384002,0.7947259545326234,1.0,0.5541865229606628,0.2499981969594955,0.1180432513356208,0.1657266765832901,0.0755167156457901
1904,0.0534130185842514,0.0303522441536188,0.0202865209430456,0.0431028380990028,0.491746962070465,1.0,0.7777059674263,0.2294537872076034,0.042110476642847,0.0581918433308601,0.1962429285049438,0.0562033914029598
1905,0.017612112686038,0.0313755236566066,0.011649684049189,0.0368853658437728,0.233302965760231,0.7650457024574279,1.0,0.2621441781520843,0.0268857888877391,0.0210883356630802,0.0619924068450927,0.0168464947491884
1906,0.0490361526608467,0.0824999883770942,0.0249698255211114,0.0340155400335788,0.1104729622602462,0.5636655688285828,1.0,0.2456114292144775,0.0522296018898487,0.0898972153663635,0.2583966255187988,0.0510142296552658
1907,0.0146298818290233,0.0199872087687253,0.0095730507746338,0.0168815795332193,0.0551244802772998,0.4679076373577117,1.0,0.4868331253528594,0.0353474728763103,0.0320554375648498,0.1303262859582901,0.0250597484409809
1908,0.005639016162604,0.0194150488823652,0.0067377751693129,0.0086727319285273,0.0296260509639978,0.3879264295101166,1.0,0.6319789886474608,0.0466970317065715,0.0398998782038688,0.1553273200988769,0.0275282077491283
1909,0.0056584323756396,0.013255258090794,0.0053034271113574,0.0101606315001845,0.0232063345611095,0.3687328994274139,1.0,0.7058385014533997,0.0610837303102016,0.0338036082684993,0.1437560021877288,0.0301478579640388
1910,0.0074756648391485,0.0189970899373292,0.0057309693656861,0.0064987698569893,0.0628120675683021,0.5210727453231812,1.0,0.4164757430553436,0.0162558648735284,0.0078042047098279,0.0314570367336273,0.0092641143128275
1911,0.0039607034996151,0.0072063538245856,0.0045936182141304,0.0083602676168084,0.0813712552189826,0.558800220489502,1.0,0.3907197117805481,0.0172792840749025,0.0114556308835744,0.0399705581367015,0.006339703220874
1912,0.0076655214652419,0.0101486090570688,0.0115302158519625,0.0213120654225349,0.2794442176818848,0.8800539970397949,1.0,0.2019902914762496,0.0277837924659252,0.0720409154891967,0.2173211872577667,0.0364122651517391
1913,0.0134407067671418,0.0206695012748241,0.0340705513954162,0.0860798135399818,0.29329514503479,0.8764795660972595,1.0,0.2590959668159485,0.113951452076435,0.162597119808197,0.5984358787536621,0.1174642145633697
1914,0.035690888762474,0.0578783228993415,0.1161362156271934,0.6494011878967285,0.2269746512174606,0.4333231151103973,1.0,0.7280877828598022,0.7884162068367004,0.3274793028831481,0.582038938999176,0.1844841241836548
1915,0.0499029085040092,0.1224091872572898,0.2824148833751678,1.0,0.1945547014474868,0.2560248970985412,0.620933473110199,0.4933528006076813,0.5715028643608093,0.2263456881046295,0.7152168154716492,0.2322294116020202
1916,0.0647090598940849,0.0910906568169593,0.3038305938243865,1.0,0.1825475394725799,0.1548702120780944,0.3480502665042876,0.2503706514835357,0.396831214427948,0.1111078411340713,0.2800396382808685,0.1299078911542892
1917,0.0425858981907367,0.0889470055699348,0.1742935925722122,0.3500966727733612,0.2185338586568832,0.4016969501972198,1.0,0.4391791522502899,0.2149211317300796,0.146672248840332,0.5682068467140198,0.1962404251098632
1918,0.0305494535714387,0.0779864713549614,0.1756448149681091,0.2887219190597534,0.4175584614276885,0.6281052827835083,0.55223286151886,0.1943508237600326,0.0404937900602817,0.1675567328929901,1.0,0.3333645462989807
1919,0.0311590079218149,0.0756684243679046,0.0990756675601005,0.1743990927934646,0.441169410943985,0.9310267567634584,1.0,0.4245064556598663,0.0384098701179027,0.0470629893243312,0.1564778685569763,0.0468618795275688
1920,0.0163986235857009,0.0418546572327613,0.0265020709484815,0.047076515853405,0.1572970151901245,0.6812483668327332,1.0,0.2868696153163909,0.0172537639737129,0.0628611743450164,0.1850112080574036,0.0412761457264423
1921,0.106596328318119,0.1835613995790481,0.0502229183912277,0.0954166650772094,0.2765343785285949,0.6467673778533936,0.6112094521522522,0.0756115540862083,0.034676045179367,0.2015314847230911,1.0,0.2949117422103882
1922,0.0856508389115333,0.1768352389335632,0.041356261819601,0.0784718841314315,0.0946519300341606,0.3895381391048431,1.0,0.1610402017831802,0.0317292287945747,0.2595477104187012,0.8799165487289428,0.1550954282283782
1923,0.0468608662486076,0.1726590991020202,0.0851935446262359,0.1265243589878082,0.1309020221233368,0.3643095791339873,1.0,0.283245712518692,0.0438473261892795,0.2333215475082397,0.6264115571975708,0.168429285287857
1924,0.0314668864011764,0.0891457721590995,0.1689589470624923,0.1888309568166732,0.160252183675766,0.2161968797445296,0.894348919391632,0.5282090306282043,0.138484388589859,0.1915992945432662,1.0,0.3933405578136444
1925,0.0424127429723739,0.1421810835599899,0.2106262296438217,0.281284600496292,0.3068467080593108,0.3835274577140808,1.0,0.5539036393165588,0.1080631986260414,0.1414551585912704,0.5079885125160217,0.1950514614582061
1926,0.0233312994241714,0.0627390295267105,0.0880624875426292,0.1436534970998764,0.1596991270780563,0.4651053547859192,1.0,0.4122917354106903,0.0872958749532699,0.1049081161618232,0.3923422396183013,0.1135517433285713
1927,0.0532765947282314,0.1513363271951675,0.0917183980345726,0.1408788710832595,0.1162239164113998,0.3739985823631287,1.0,0.4212618470191956,0.0566504150629043,0.1083812564611434,0.4545331597328185,0.1220944449305534
1928,0.0758197233080863,0.1748863458633422,0.1082535982131958,0.1184066459536552,0.1609473973512649,0.556773006916046,1.0,0.4071308374404907,0.0479428768157959,0.0514544509351253,0.1170470267534256,0.0586885586380958
1929,0.0532925650477409,0.1941473931074142,0.2388291209936141,0.1633655428886413,0.3036559820175171,0.7611081004142761,0.886873960494995,0.277505099773407,0.2373228222131728,0.2720512747764587,1.0,0.3728817701339721
1930,0.0276921037584543,0.1336952298879623,0.133030503988266,0.1755732893943786,0.168159008026123,0.2265016585588455,0.2633881568908691,0.1838792860507964,0.1644630432128906,0.2126571387052536,1.0,0.2740617394447326
1931,0.0836583152413368,0.398010104894638,0.1727730929851532,0.2404848486185073,0.1400587260723114,0.1470034420490265,0.3976304829120636,0.5132060647010803,0.3154790103435516,0.2712062299251556,1.0,0.2855757474899292
1932,0.1404905617237091,0.5232327580451965,0.4514329433441161,1.0,0.4251846969127655,0.4465835392475128,0.6747518181800841,0.5276383757591248,0.4130543768405914,0.4489724636077881,0.9716548323631288,0.3981489539146423
1933,0.0518461465835571,0.1818471550941467,0.2771467864513396,0.4909237921237945,0.1749952286481857,0.2736772000789642,0.2894697487354278,0.1091887950897216,0.0671437084674835,0.1566898673772812,1.0,0.3887231945991516
1934,0.1021692305803298,0.5037757158279419,0.4812398850917816,0.7050875425338745,0.4586311876773833,0.4669912457466125,0.5496995449066162,0.5212871432304382,0.5026447176933289,0.5324274301528931,1.0,0.3208772838115692
1935,0.1238486841320991,0.721674919128418,1.0,0.8742168545722961,0.4696111977100372,0.4505279958248138,0.5471111536026001,0.5194814801216124,0.320391982793808,0.245441436767578,0.6701403856277466,0.284727394580841
1936,0.0718520432710647,0.3310759365558624,0.8985511064529419,0.8527872562408446,0.4485262036323547,0.1975351423025131,0.1936841458082199,0.199614942073822,0.1390975564718246,0.1811542063951492,1.0,0.389535903930664
1937,0.0955496206879615,0.457802802324295,1.0,0.6059027910232544,0.1866356134414672,0.1198225170373916,0.1740123331546783,0.1225061044096946,0.1022924855351448,0.1754823327064514,0.8827310800552368,0.3177827298641205
1938,0.0574302114546299,0.3252545297145843,0.7394162416458131,1.0,0.7620426416397095,0.2939129471778869,0.0909067392349243,0.0604781322181224,0.0475293695926666,0.0570561401546001,0.3326819539070129,0.1432165503501892
1939,0.2301300913095474,1.0,0.4494177103042602,0.3594969511032104,0.2257130593061447,0.2717197835445404,0.536219596862793,0.2573468387126922,0.168815866112709,0.1271634995937347,0.2356965094804764,0.0705659091472625
1940,0.082339160144329,0.3561168313026428,0.3429813385009765,0.3246335685253144,0.2597054839134216,0.6748489737510681,1.0,0.4255317151546478,0.1940956562757492,0.208239048719406,0.3129275739192962,0.0652120113372802
1941,0.0314255282282829,0.2048421055078506,0.1096851229667663,0.0581500418484211,0.0513018183410167,0.3531614243984222,1.0,0.597366452217102,0.0973451361060142,0.0434386134147644,0.1026598587632179,0.0339585877954959
1942,0.0364496819674968,0.3973419964313507,0.2364982962608337,0.0827054381370544,0.0798157304525375,0.4120227098464966,1.0,0.9764240980148317,0.2645943760871887,0.064924843609333,0.1847338378429412,0.0753452181816101
1943,0.0372368432581424,0.2080960273742676,0.2619184851646423,0.3886606693267822,0.2544209957122803,0.5176436901092529,1.0,0.3121860325336456,0.1208941861987114,0.1268049031496048,0.5498939752578735,0.216170996427536
1944,0.0579579807817936,0.1545869410037994,0.1549993455410003,0.1532683819532394,0.0800046846270561,0.3212431669235229,1.0,0.2926970720291137,0.0396313890814781,0.0582466311752796,0.2408918738365173,0.0702527314424514
1945,0.0683937519788742,0.140520840883255,0.3866764307022095,0.5106828808784485,0.2804067134857178,0.5132684111595154,1.0,0.326145589351654,0.0489926226437091,0.1173332929611206,0.4242659211158752,0.1051743552088737
1946,0.2545524835586548,0.7345630526542662,0.7547076344490051,0.9559385776519777,0.9149735569953918,0.6691511273384094,0.8693801164627075,0.8311712741851807,0.3898746669292449,0.3410047888755798,1.0,0.2938073873519897
1947,0.0554589070379734,0.151702344417572,0.3365505635738373,0.4261025190353393,0.4048523008823394,0.3729129135608672,0.7393754124641417,1.0,0.6188269853591919,0.3154789805412292,0.4046393334865569,0.107312723994255
1948,0.0828903540968894,0.1096688881516456,0.2803435921669006,0.507640540599823,0.2479894757270812,0.1781202405691146,0.4115580320358276,0.6840144991874695,1.0,0.4514056146144866,0.5835767388343811,0.2023402154445648
1949,0.0672617182135582,0.1009729281067848,0.1511864364147186,0.2590989768505096,0.1015901640057563,0.0611092559993267,0.1760248243808746,0.5984875559806824,1.0,0.4348708093166351,0.3857778012752533,0.1423780918121338
1950,0.0733624696731567,0.1053391396999359,0.1952088624238968,0.2391256392002105,0.1382767707109451,0.1186758503317832,0.2951996028423309,0.6512861251831055,1.0,0.5042356848716736,0.8583682179450989,0.291342943906784
1951,0.0232801269739866,0.0769772976636886,0.0942915976047515,0.1081790551543235,0.0642567574977874,0.0743205472826957,0.2976612746715545,0.8943917155265808,1.0,0.2952225804328918,0.319262832403183,0.1154642701148986
1952,0.0053568095900118,0.0178831499069929,0.0128097282722592,0.0131093068048357,0.0090362336486577,0.0482740588486194,0.3906832933425903,1.0,0.6520711183547974,0.0683622285723686,0.0351600758731365,0.0118546206504106
1953,0.00615826388821,0.0255742035806179,0.0155647611245512,0.0094735091552138,0.0196566842496395,0.2545150816440582,0.9267616868019104,1.0,0.1867979168891906,0.0172845870256423,0.0489304475486278,0.0166915003210306
1954,0.0065792934037745,0.0221740137785673,0.0167715419083833,0.0187622308731079,0.1156619563698768,0.6204798817634584,1.0,0.3190600872039795,0.0163505785167217,0.0095912041142582,0.040719136595726,0.0165153089910745
1955,0.0132791865617036,0.0664565116167068,0.0474483855068683,0.026447981595993,0.0389575846493244,0.3660310804843903,1.0,0.6485500335693359,0.0857836902141571,0.044284489005804,0.0654301568865776,0.025147546082735
1956,0.0274690724909305,0.1411489397287368,0.0676223114132881,0.0384770818054676,0.0538054145872592,0.3062723875045776,1.0,0.7657897472381591,0.1177752763032913,0.0330452024936676,0.043965570628643,0.0186718367040157
1957,0.1261859089136123,0.683462619781494,0.1777151972055435,0.0405313298106193,0.0371138080954551,0.3478791117668152,1.0,0.8138459324836731,0.1244071125984191,0.0710165351629257,0.1715532392263412,0.0427720658481121
1958,0.020168425515294,0.0949192270636558,0.0463333241641521,0.0354930199682712,0.0460382103919982,0.3550756871700287,1.0,0.6543000936508179,0.0945481657981872,0.0364722423255443,0.1320401579141616,0.029363265261054
1959,0.0220483541488647,0.0520914942026138,0.0527832731604576,0.0889989137649536,0.0655107721686363,0.4271644353866576,1.0,0.2857177853584289,0.1150853410363197,0.0608931556344032,0.1273124516010284,0.0324826575815677
1960,0.1046997904777526,0.1675870865583419,0.1648267954587936,0.3039217591285705,0.2535424530506134,0.3316599428653717,1.0,0.7173193693161011,0.3268120586872101,0.2138098627328872,0.514367401599884,0.1583857089281082
1961,0.1182093098759651,0.3027053475379944,0.4575281143188476,0.5782859921455383,0.3517839014530181,0.3449063599109649,1.0,0.6735321283340454,0.3400072455406189,0.1915758699178696,0.1258662492036819,0.0477467700839042
1962,0.1956448405981064,0.5968417525291443,0.7175611257553101,0.8891782760620117,0.6463435888290405,0.4761841595172881,1.0,0.7394772171974182,0.4524796903133392,0.2658563554286957,0.1741843372583389,0.070935770869255
1963,0.0212917979806661,0.0260278675705194,0.1031912192702293,0.5937238931655884,0.2083307951688766,0.1086824983358383,0.1938714683055877,0.4675109684467316,1.0,0.43385311961174,0.0675821006298065,0.0184999965131282
1964,0.0266299471259117,0.0217750016599893,0.0997513309121132,0.9301655292510984,0.2978524267673492,0.0519611276686191,0.1347937434911728,0.4323037862777709,1.0,0.4760421812534332,0.1115257516503334,0.0284221060574054
1965,0.0270134098827838,0.0420784056186676,0.1959757804870605,0.920406937599182,0.1697358042001724,0.0424856692552566,0.1231935694813728,0.4794802963733672,1.0,0.4467344284057616,0.0770315155386924,0.0244035013020038
1966,0.0249935295432806,0.0787694975733757,0.1962190568447112,0.5103409886360168,0.0657019540667533,0.0293544139713048,0.1073974892497062,0.6373085379600525,1.0,0.2400199472904205,0.0647811740636825,0.0204457007348537
1967,0.0166678000241518,0.0363881401717662,0.0316085666418075,0.0425448976457119,0.0182004738599062,0.019200200214982,0.0611412897706031,0.5376272797584534,1.0,0.155219554901123,0.0346528999507427,0.0144701469689607
1968,0.0099253254011273,0.0151346223428845,0.0512877814471721,0.1572478413581848,0.0516904406249523,0.0544203706085681,0.0735308825969696,0.4612214267253876,1.0,0.2221610099077224,0.0589628480374813,0.0187167003750801
2932,0.5396791100502014,1.0,0.4492074847221375,0.1913834065198898,0.1345365494489669,0.3803925514221192,0.1546564996242523,0.2584007978439331,0.8630344867706298,0.4791167080402374,0.1719393730163574,0.184808924794197
2933,0.3966438472270965,1.0,0.5897142291069031,0.4061047434806824,0.2079740613698959,0.1853677928447723,0.1440850049257278,0.2656581401824951,0.5395438075065613,0.4272854030132293,0.2861732244491576,0.1589734405279159
2934,0.1264276057481765,0.6151142716407776,0.6436453461647034,1.0,0.8432806730270386,0.4666236937046051,0.4091082215309143,0.3066492080688476,0.3264898955821991,0.4913825392723083,0.7724049687385558,0.2493889033794403
2935,0.0758089795708656,0.4791620075702667,0.2578566968441009,0.1773034185171127,0.2486416101455688,0.7489131093025206,1.0,0.3424325585365295,0.0931272879242896,0.0886514037847518,0.2579790651798248,0.0841376632452011
2936,0.0420301519334316,0.1605204343795776,0.0736015141010284,0.0684950351715087,0.0619910955429077,0.3957671523094176,1.0,0.2839318513870239,0.0242570973932743,0.0884847044944763,0.1740297824144363,0.0299031846225261
2937,0.0541357323527336,0.1396248191595077,0.075281448662281,0.0795056000351905,0.0961249098181724,0.5113416314125061,1.0,0.2901432514190674,0.0463290326297283,0.0701548233628273,0.1467730551958084,0.0319725722074508
2938,0.1876644045114517,0.4767909348011017,0.1238139271736145,0.1138437166810035,0.1387875229120254,0.5982593297958374,1.0,0.3350113928318024,0.0340314097702503,0.0600888766348362,0.1940664201974868,0.0613007210195064
2939,0.1889599114656448,0.3574221730232239,0.1076854616403579,0.1230027452111244,0.1833320558071136,0.6060330271720886,1.0,0.26205974817276,0.0191540550440549,0.0259675476700067,0.1054350957274436,0.0376696623861789
2940,0.0276904832571744,0.0935950279235839,0.1517307460308074,0.3053224682807922,0.437542587518692,0.8469448089599609,1.0,0.1467160731554031,0.0302491150796413,0.0422259829938411,0.1155827492475509,0.0363197810947895
2941,0.1200005561113357,0.5031638145446777,0.5153608918190001,0.4774768650531769,0.2758781015872956,0.4053456485271454,1.0,0.2967955470085144,0.0618365183472633,0.1240906119346618,0.6928810477256775,0.2516751885414123
2942,0.1437288522720337,0.5406310558319092,0.4427559375762939,0.4471509456634521,0.347876489162445,0.5843611359596252,1.0,0.4170532524585724,0.153099313378334,0.3184749484062195,0.9250845313072203,0.3474000692367553
2943,0.1170133277773857,0.4240484535694122,0.1992912590503693,0.1985485702753067,0.0991647243499755,0.4721088707447052,1.0,0.5631444454193115,0.3258582055568695,0.2267550826072693,0.437190979719162,0.1488624215126037
2944,0.0732038170099258,0.1349717378616333,0.1965883821249008,0.3340732157230376,0.1160887405276298,0.4024969041347504,1.0,0.596072793006897,0.3269961476325989,0.1217851936817169,0.2703603506088257,0.131547063589096
2945,0.0997445881366729,0.202416107058525,0.1924392431974411,0.3117339313030243,0.1841988414525985,0.3788430094718932,1.0,0.901836097240448,0.5489335060119629,0.1420196741819381,0.2596560418605804,0.1447580009698867
2946,0.1158967837691307,0.4838497638702392,0.5237275958061217,1.0,0.3436541557312012,0.2612104713916778,0.3893848359584808,0.5485894083976746,0.9896011352539062,0.3267831206321716,0.9007468223571776,0.3314967751502991
2947,0.1048470586538314,0.4303604364395141,0.2669549882411957,0.5213772058486937,0.2021775841712952,0.2003148645162582,0.2798571288585663,0.3968663215637207,1.0,0.4699334502220154,0.4190336465835571,0.1383770406246185
2948,0.0716369152069091,0.2755899429321289,0.1710511147975921,0.3146515190601349,0.1447727382183074,0.1614944040775299,0.2547557353973388,0.3655926585197449,1.0,0.6182309985160828,0.3497678339481354,0.1113738045096397
2949,0.1015518382191658,0.3856326341629028,0.3138141334056854,0.3524165451526642,0.183264285326004,0.3974900543689728,1.0,0.5436464548110962,0.3711821734905242,0.3200421929359436,0.48582524061203,0.1860715299844741
2950,0.0568428561091423,0.1134983450174331,0.2857615053653717,0.7726599574089049,1.0,0.8019813299179077,0.6116100549697876,0.1689825057983398,0.0390601865947246,0.0692730695009231,0.1525716185569763,0.0437570288777351
2951,0.2608731687068939,0.7486106157302856,0.4192708730697632,0.3888883888721465,0.1960010677576064,0.6256173849105834,1.0,0.2164102792739868,0.0518481507897376,0.0311940461397171,0.0488798916339874,0.0226555708795785
2952,0.3352989852428436,1.0,0.364181637763977,0.4880125224590301,0.3658828437328338,0.5908973217010498,0.7223573327064513,0.1529205739498138,0.1463057696819305,0.0683563202619552,0.2169411778450012,0.0784933418035507
2953,0.167293518781662,0.4247427582740784,0.1404641419649124,0.1287607997655868,0.1185064762830734,0.5699835419654846,1.0,0.328705996274948,0.0638232007622718,0.0830620825290679,0.263860136270523,0.0944571867585182
2954,0.0851760730147361,0.3117828369140625,0.0857982113957405,0.0759892761707305,0.0833309292793273,0.5076117515563965,1.0,0.3595217168331146,0.0235445965081453,0.0252427868545055,0.1019100174307823,0.0378484576940536
2955,0.0427748300135135,0.0709000527858734,0.0521449036896228,0.0759681686758995,0.0956811606884002,0.5384581685066223,1.0,0.3620412945747376,0.0277473870664834,0.0311254821717739,0.0981640070676803,0.0491307489573955
2956,0.1068853512406349,0.2406886965036392,0.0795445665717125,0.0698620900511741,0.1588805466890335,0.7808014750480653,1.0,0.1981748789548873,0.0298534743487834,0.0315264798700809,0.0971784964203834,0.0460771098732948
2957,0.2505322694778442,0.5386282205581665,0.1841941177845,0.1521207690238952,0.186260774731636,0.6611903309822083,1.0,0.2263762205839156,0.1354470700025558,0.0703003779053688,0.1691369861364364,0.0719265863299369
2958,0.1199235841631889,0.3615273535251617,0.2497660964727401,0.2673724889755249,0.2571803629398345,0.5595381855964661,1.0,0.3568413555622101,0.1408801227807998,0.0881456956267356,0.1996229588985443,0.0880307257175445
2959,0.0710444152355194,0.1999563127756118,0.1165914684534072,0.133461132645607,0.1727724075317382,0.4529002010822296,1.0,0.8145858645439149,0.7050274610519409,0.2969455420970917,0.1239949092268943,0.0340477190911769
2960,0.0681162923574447,0.1294697821140289,0.0983776226639747,0.1767875254154205,0.1126430183649063,0.196396604180336,0.5077990293502808,0.8598271012306212,1.0,0.358675092458725,0.1755434274673462,0.0426896438002586
2961,0.0514871180057525,0.0659096464514732,0.0481563806533813,0.053531490266323,0.0328402407467365,0.061434056609869,0.2209800034761428,0.7961370348930359,1.0,0.2820836007595062,0.0997028946876525,0.0299667976796627
2962,0.0614905022084713,0.0636544227600097,0.0357254818081855,0.0472064018249511,0.0378350727260112,0.0587645508348941,0.1558521687984466,0.7537881135940551,1.0,0.2274022400379181,0.075415663421154,0.0285813882946968
2963,0.0380200743675231,0.0362451486289501,0.02314043790102,0.0240743272006511,0.0206849705427885,0.0303908605128526,0.1064281836152076,0.6606552004814148,1.0,0.2630479335784912,0.0590469799935817,0.0202826559543609
2964,0.0546880885958671,0.0335349515080452,0.0095226680859923,0.0060900836251676,0.0120573043823242,0.0412528589367866,0.1254495084285736,0.6714023351669312,1.0,0.2617658078670501,0.0364071913063526,0.0174046289175748
2965,0.1721687912940979,0.0934929475188255,0.0275750216096639,0.0113998400047421,0.0179839730262756,0.0890186578035354,0.4534091055393218,1.0,0.6839949488639832,0.1204899549484252,0.0541492812335491,0.047029972076416
3166,1.0,0.449071317911148,0.1168747469782829,0.2330143600702285,0.0950590893626213,0.298150897026062,0.491793304681778,0.3717690110206604,0.2028828710317612,0.2109821885824203,0.3079265356063843,0.1867668181657791
3167,0.095684990286827,0.0505728311836719,0.0412615276873111,0.1022844091057777,0.211194634437561,0.7132411599159241,1.0,0.4150810241699218,0.1285339146852493,0.0965244024991989,0.171121284365654,0.1185725033283233
3168,0.0257659256458282,0.0469263568520546,0.0363955348730087,0.0420229956507682,0.0695143938064575,0.2557866275310516,1.0,0.7818170189857483,0.1034581065177917,0.0307076536118984,0.0520837232470512,0.0336397476494312
3169,0.0123160537332296,0.0378113165497779,0.020237773656845,0.0368618331849575,0.0682658553123474,0.4099456667900085,1.0,0.5760730504989624,0.0613620057702064,0.0127374017611145,0.0146126402541995,0.0096587929874658
3170,0.013187519274652,0.039502914994955,0.0198371987789869,0.0540426149964332,0.1194839179515838,0.3254446983337402,1.0,0.471306174993515,0.0351304858922958,0.0118568437173962,0.042190745472908,0.0233578868210315
3171,0.0155340591445565,0.0525825843214988,0.0151203908026218,0.0186450332403182,0.0724183097481727,0.4306533038616181,1.0,0.570157527923584,0.0555784590542316,0.0183811988681554,0.0676958039402961,0.0393781550228595
3172,0.0069093215279281,0.0133653292432427,0.0057916920632123,0.0063688140362501,0.0152246411889791,0.3031398355960845,1.0,0.8896606564521788,0.1111887395381927,0.0161459539085626,0.0663932561874389,0.0312197916209697
3173,0.0059417388401925,0.0131166642531752,0.0058826003223657,0.01003282610327,0.0303389560431242,0.3729797601699828,1.0,0.6845660209655762,0.0539431758224964,0.0101234354078769,0.0282365400344133,0.0222783386707305
3174,0.0030261515639722,0.0059737372212111,0.0065871733240783,0.0184592548757791,0.0503913275897502,0.4321694076061249,1.0,0.5411002039909363,0.0343636386096477,0.014784974977374,0.0837283208966255,0.0359690077602863
3175,0.0052926107309758,0.0144411502406001,0.016635488718748,0.0263809617608785,0.0849402621388435,0.5639656186103821,1.0,0.3234340846538544,0.0151512445881962,0.0114160738885402,0.0577988624572753,0.0267155282199382
3176,0.0338532663881778,0.0890311747789383,0.1442923694849014,0.1716899275779724,0.4659727215766906,1.0,0.9956309199333192,0.4015893340110778,0.0458665266633033,0.0463678911328315,0.2318998128175735,0.1200175806879997
3177,0.0983175635337829,0.4623222053050994,0.4378660321235657,0.5662593841552734,0.334188163280487,0.440839558839798,0.9758827090263368,1.0,0.6614688038825989,0.3274106979370116,0.731812298297882,0.3317981958389282
3178,0.0522297918796539,0.1690894514322281,0.0623739175498485,0.1028021201491355,0.126951515674591,0.4895148575305938,0.9802477955818176,0.8590344786643982,1.0,0.3553495407104492,0.2605718970298767,0.1377685815095901
3179,0.161832645535469,0.263118416070938,0.080034926533699,0.1088667809963226,0.1080975458025932,0.4433203637599945,1.0,0.992614448070526,0.7716696262359619,0.3446016013622284,0.7171132564544678,0.4044265747070313
3180,0.1731870472431183,0.1909514516592025,0.1026099920272827,0.2539060711860657,0.139204740524292,0.3398670256137848,0.5981017351150513,0.4311159551143646,0.3578018248081207,0.4288923144340515,1.0,0.528528094291687
3181,0.1967469900846481,0.1521273255348205,0.1678258925676345,0.5354883670806885,0.3713254332542419,0.2759133279323577,0.2894230186939239,0.4419523775577544,0.4787966310977936,0.5646487474441528,1.0,0.5229389071464539
3182,0.1119400411844253,0.126977726817131,0.1455369144678115,0.2155430763959885,0.1315010488033294,0.2483809441328048,0.4959467053413391,0.5879710912704468,0.4705555737018584,0.3468381166458129,1.0,0.4430035948753357
3183,0.1940395832061767,0.2704568803310394,0.497924506664276,0.7473871111869811,0.3282374441623688,0.2674031257629394,0.4043163359165192,0.3393921256065368,0.4476328492164612,0.4151805341243744,1.0,0.7570142745971679
3184,0.12796650826931,0.403605967760086,0.9986724257469176,0.6848258972167969,0.3628001511096954,0.6472805738449097,0.7045896649360657,0.4794431328773498,0.23706416785717,0.3390870690345764,1.0,0.6158919334411621
3185,0.0512620359659194,0.1631745249032974,0.5968915224075316,1.0,0.8943848609924316,0.6803314089775084,0.7139148712158203,0.2559629678726196,0.0704330950975418,0.0764234587550163,0.1667800545692443,0.0930891782045364
3186,0.1256617158651352,0.4633130133152008,0.4080247282981872,0.4968129992485046,0.3249629437923431,0.5228210091590881,1.0,0.4713011682033538,0.1739472597837448,0.1181535571813583,0.3727753758430481,0.1893724650144576
3187,0.3557999432086944,0.7128514647483826,0.5401812195777893,0.7660397291183471,0.6926094889640808,0.8109737634658812,1.0,0.4089228510856629,0.2153003811836242,0.1272116750478744,0.2956545352935791,0.1406921297311782
3188,0.1181251555681228,0.4316118955612183,0.545849084854126,0.746962308883667,0.5900914072990417,0.4060015678405761,0.8123080134391784,0.5513973832130432,0.2843552231788635,0.2377153486013412,1.0,0.4193308353424072
3189,0.1227904334664344,0.41816046833992,0.234029933810234,0.1976560652256012,0.1118941158056259,0.2411132007837295,0.6534315943717957,0.3536462187767029,0.1436067223548889,0.3065869212150574,1.0,0.3579505681991576
3190,0.2677752673625946,0.7759492397308348,0.1533747315406799,0.1180469617247581,0.0908271074295044,0.3151464164257049,0.8080727458000182,0.219645082950592,0.1281562596559524,0.4510560929775238,1.0,0.1939733177423477
3191,0.174226701259613,0.2539876401424408,0.0804807916283607,0.0846441760659217,0.1460488438606262,0.8066165447235107,1.0,0.1716431975364685,0.0616717413067817,0.0780611932277679,0.1362867653369903,0.0717816352844238
3192,0.1288363635540008,0.1815095990896224,0.3437850177288055,0.6885167956352234,0.958793580532074,1.0,0.4436738491058349,0.1797733455896377,0.2147487550973892,0.2695768177509308,0.8353993892669677,0.3620592951774596
3193,0.0868455469608306,0.4025339186191559,0.56451016664505,0.8221087455749511,0.5356466174125671,0.2531697750091553,0.5621176958084105,0.5612409114837646,0.3594709634780884,0.3291177749633789,1.0,0.3725185692310332
3194,0.0335348322987556,0.1148351952433586,0.2276820689439773,0.4359702169895172,0.4447154700756073,0.4069828689098358,0.7020650506019592,1.0,0.7493302822113037,0.3734677731990814,0.4483776688575744,0.1449832171201706
3195,0.117187961935997,0.6112361550331116,0.2796038389205932,0.2394829988479614,0.175024926662445,0.2759028375148772,0.6295469403266907,0.7115932106971741,1.0,0.4006869494915008,0.2121825367212295,0.0629035383462905
3196,0.1181267723441124,0.6098141670227051,0.2891698479652405,0.2510814070701599,0.1714715659618377,0.2889674603939056,0.6756468415260315,1.0,0.6740213036537169,0.2271342277526855,0.3340234458446502,0.1070677191019058
3197,0.1129897013306617,0.6720272302627563,0.8555735945701598,0.8638311624526978,0.4679093658924103,0.5923953652381897,1.0,0.61065274477005,0.323131799697876,0.2740046679973602,0.9435030221939088,0.2497727870941162
3198,0.0655229017138481,0.2868950963020324,0.6344448328018188,0.908245861530304,0.4734511077404022,0.498733788728714,1.0,0.37755286693573,0.1871843934059143,0.1062535792589187,0.3793282210826874,0.1171502247452736
3199,0.037903968244791,0.229536697268486,0.6202247738838196,0.8272186517715454,0.4612325131893157,0.4375486671924591,1.0,0.555016040802002,0.2767765820026397,0.2149408012628555,0.4003911018371582,0.0937540903687477
3200,0.0475410111248493,0.2577749490737915,0.7229973077774048,1.0,0.4867739677429199,0.2530603110790252,0.5500286817550659,0.3715766072273254,0.1576732248067855,0.2105900198221206,0.9371983408927916,0.2570006251335144
3201,0.0905639827251434,0.344817966222763,0.8342860937118529,0.747515082359314,0.2894801795482635,0.155376136302948,0.3857073485851288,0.3316821753978728,0.1805657148361206,0.2035136073827743,1.0,0.3754813075065613
3202,0.1059746891260147,0.3800849020481109,0.621064305305481,0.6032974720001221,0.5023438930511475,0.6315085887908936,1.0,0.8124495148658752,0.3865821957588196,0.2552781999111175,0.5256763696670532,0.2101676315069198
3203,0.3034954965114593,0.9060620665550234,0.2206232547760009,0.21877221763134,0.2096172869205474,0.4224732518196105,1.0,0.7658938765525818,0.2017812430858612,0.2448464184999465,0.8539810180664062,0.3037004470825196
3204,0.1171878054738044,0.401540994644165,0.1434837132692337,0.1095487996935844,0.1857159882783889,0.5974750518798828,1.0,0.482515424489975,0.0796968936920166,0.2860226631164551,0.3761694133281708,0.0798933133482932
3205,0.1201842427253723,0.2817640900611877,0.0596857070922851,0.0360632091760635,0.1787859201431274,0.6889459490776062,1.0,0.2617394626140594,0.0327899344265461,0.0813029482960701,0.0941387712955474,0.027308139950037
3206,0.0902401953935623,0.2112971395254135,0.0351418033242225,0.0458753556013107,0.2143034785985946,0.5990993976593018,1.0,0.2293817549943924,0.0181108824908733,0.0210144594311714,0.0631415024399757,0.0289367511868476
3207,0.0209222100675106,0.071196399629116,0.0167017672210931,0.0190577581524848,0.1460406631231308,0.4985632598400116,1.0,0.419212818145752,0.0396964214742183,0.0171087440103292,0.0474847555160522,0.0187489036470651
3208,0.0501663163304328,0.1671122461557388,0.0511369183659553,0.0337813757359981,0.0424506328999996,0.2699557244777679,1.0,0.9255236983299256,0.2335512191057205,0.0729315802454948,0.2090942114591598,0.0864485651254654
3209,0.2772641181945801,1.0,0.3270915150642395,0.2878892123699188,0.0900555029511451,0.1755493134260177,0.4662675559520721,0.5509355664253235,0.894095540046692,0.3034690618515014,0.5695630311965942,0.2307732701301574
3210,0.2453000843524933,1.0,0.319413274526596,0.365278959274292,0.2615185678005218,0.3320446312427521,0.724673330783844,0.5793128609657288,0.5469931364059448,0.3747691512107848,0.7826625108718872,0.2631548047065735
3211,0.1005211919546127,0.4593276083469391,0.1460769176483154,0.0720621943473815,0.1245833411812782,0.5664290189743042,1.0,0.4442315995693207,0.1038530766963958,0.1031103730201721,0.303327351808548,0.1010746508836746
3212,0.0680883079767227,0.3134041428565979,0.135468915104866,0.0460799485445022,0.0415962599217891,0.2858147323131561,0.971781015396118,1.0,0.2002779096364974,0.0867870971560478,0.2077034711837768,0.076365053653717
3213,0.0474741235375404,0.1155587211251258,0.034742496907711,0.0333868600428104,0.0525979436933994,0.2841098606586456,1.0,0.6641663312911987,0.0777888894081115,0.0376147404313087,0.1094119623303413,0.0478462278842926
3214,0.0693759396672248,0.2746753394603728,0.066467560827732,0.0836496278643608,0.1525466591119766,0.3817447125911712,1.0,0.3356424272060394,0.0214927736669778,0.0305096991360187,0.1139457672834396,0.0506524108350276
3215,0.0373322144150733,0.1199328750371932,0.0450132377445697,0.0124356849119067,0.0211348105221986,0.1114176884293556,1.0,0.6049769520759584,0.0333628356456756,0.0385322049260139,0.2943215370178222,0.1164976134896278
3216,0.0482006706297397,0.1210433170199394,0.0361531153321266,0.0192959755659103,0.0420940034091472,0.1999174207448959,1.0,0.51223623752594,0.0365630537271499,0.0270377453416585,0.0856140926480293,0.0347841158509254
3217,0.0890207439661025,0.3387538492679596,0.0732745826244354,0.0189996883273124,0.0494740791618824,0.3015125095844269,1.0,0.4307421445846557,0.0293537136167287,0.0276110284030437,0.0914088934659957,0.0416025295853614
3218,0.136510282754898,0.1325036883354187,0.0358403995633125,0.0151685271412134,0.0356457494199276,0.3481651544570923,1.0,0.3892712593078613,0.058505605906248,0.0766496956348419,0.1563789099454879,0.0801433622837066
3219,0.0724144130945205,0.0432722233235836,0.0355014577507972,0.0509048663079738,0.1349863111972808,0.4431034922599792,1.0,0.7156998515129088,0.1389120221138,0.0596251040697097,0.04415675252676,0.0334671773016452
3220,0.108853779733181,0.1910560280084609,0.0724692791700363,0.0520120523869991,0.2600502967834472,0.4423346519470215,1.0,0.7264889478683471,0.0869703218340873,0.0283496957272291,0.0954756736755371,0.0516328029334545
3221,0.1027092337608337,0.1532982885837555,0.0710056573152542,0.1155451089143753,1.0,0.6284211874008179,0.6513512134552002,0.3590108752250671,0.0886752530932426,0.065836600959301,0.0788545310497283,0.035635232925415
3222,0.1488793939352035,0.2170824706554412,0.077634297311306,0.1234648078680038,1.0,0.4176908433437347,0.3980360925197601,0.2467846721410751,0.0508397109806537,0.0540700033307075,0.1943050473928451,0.0680463016033172
3223,0.482988715171814,0.6674855947494507,0.229002684354782,0.2120753675699234,1.0,0.5747181177139281,0.7231118679046631,0.4434198439121246,0.1153295263648033,0.1425327211618423,0.4454167187213897,0.2303811758756637
3224,0.761740207672119,1.0,0.4085793793201447,0.3495425581932068,0.3758333027362824,0.5380622744560242,0.9713878035545348,0.7650766968727111,0.3811868727207184,0.2867895662784576,0.4485895335674285,0.359749436378479
3225,0.3630717992782593,0.3515592217445373,0.2914443314075469,0.4957817196846008,0.4544689655303955,0.3182695806026459,0.5100778341293335,0.4089150428771972,0.3218240737915039,0.2591537833213806,1.0,0.4284822642803192
3226,0.4876543879508972,0.4603107869625092,0.1566700637340545,0.2505503594875336,0.2448683828115463,0.238643079996109,0.606009304523468,0.7214849591255189,1.0,0.7440098524093629,0.5795998573303223,0.2564834058284759
3227,0.1685896664857864,0.1333406269550323,0.1817550808191299,0.1576669663190841,0.092368721961975,0.1734928488731384,0.707663893699646,1.0,0.7583322525024414,0.318303257226944,0.1612893044948578,0.0663112699985504
3228,0.1160647720098495,0.094366580247879,0.0623219050467014,0.1038073226809501,0.1187992393970489,0.2746171355247497,0.8177024722099304,1.0,0.6918491721153259,0.2598175704479217,0.1574084162712097,0.05557282269001
3229,0.2410939931869506,0.4619697332382201,0.2701578438282013,0.3767457008361816,0.2937439084053039,0.4406500160694122,1.0,0.9209024906158448,0.7712410092353821,0.389019638299942,0.1699035316705703,0.0704055726528167
3230,0.1979177743196487,0.4875046014785767,0.4719402492046356,0.5214008688926697,0.2694784104824066,0.2489684373140335,0.6430750489234924,0.7976051568984985,1.0,0.6390538811683655,0.2809195816516876,0.0866123735904693
3231,0.2999997138977051,0.4165756702423096,0.3218069970607757,0.4375590085983276,0.2818259596824645,0.2226763367652892,0.4695295095443725,0.7433726191520691,1.0,0.6360676288604736,0.7226532697677612,0.207382246851921
1840,0.0530776679515838,0.2895589172840118,0.1557760238647461,0.7522030472755432,1.0,0.2720338702201843,0.2380515187978744,0.3169635832309723,0.0905931517481804,0.404664933681488,0.2482760101556777,0.0359883233904838
1841,0.0610084049403667,0.4020621478557586,0.2021696418523788,0.9190644025802612,0.9971133470535278,0.2051476836204528,0.2941618859767914,0.2824262380599975,0.1400843262672424,1.0,0.3832140862941741,0.0318583697080612
1842,0.0468970574438571,0.2596673667430877,0.1458205133676529,0.6705896258354187,0.6347107291221619,0.1142739430069923,0.2120558768510818,0.1499659568071365,0.1351254880428314,1.0,0.2883595824241638,0.0200129300355911
1843,0.0497267805039882,0.2799020111560821,0.1426019221544265,0.6111485958099365,0.5267708897590637,0.1186006665229797,0.3406406342983246,0.158453494310379,0.1349649876356125,1.0,0.3382350504398345,0.0304172057658433
1844,0.0616254620254039,0.3892344832420348,0.176322802901268,0.7001564502716064,0.5294498801231384,0.136260911822319,0.3884816467761993,0.1617939919233322,0.1269444674253463,1.0,0.3387777209281921,0.0303604062646627
1845,0.0636709555983543,0.3818452954292297,0.17021045088768,0.711266815662384,0.6616920232772827,0.1619259864091873,0.3576585948467254,0.1580922454595565,0.1221543848514556,1.0,0.3683737218379974,0.0300787668675184
1846,0.0629734843969345,0.3983525037765503,0.1542894840240478,0.6699742078781128,1.0,0.2330886423587799,0.3099036812782287,0.1626553833484649,0.0973430797457695,0.8363144993782043,0.3741985857486725,0.0318902768194675
1847,0.0576663129031658,0.3247069716453552,0.1379778087139129,0.6423738598823547,1.0,0.2336912602186203,0.3082359433174133,0.1466339826583862,0.0759117007255554,0.6539018750190735,0.2741117775440216,0.0213584415614604
1848,0.0870144292712211,0.5121619701385498,0.1772545576095581,0.67540043592453,1.0,0.2331861853599548,0.3250091075897217,0.1167990118265152,0.0737856701016426,0.6403087377548218,0.2864960432052612,0.0254479404538869
1849,0.0909405350685119,0.5523608326911926,0.1856784969568252,0.6530076265335083,0.8814730048179625,0.1992199867963791,0.3844060897827149,0.1339697390794754,0.1202650442719459,1.0,0.2731145024299621,0.0181065667420625
1850,0.0583584830164909,0.3709120750427246,0.1337159425020218,0.424323707818985,0.3936440646648407,0.0930346325039863,0.3099974393844604,0.1301110684871673,0.1236789971590042,1.0,0.3003576993942261,0.0220471899956464
1851,0.0351514853537082,0.2569306790828705,0.145702302455902,0.5437458753585817,0.3159145414829254,0.0847989246249198,0.3881043195724487,0.1705951690673828,0.1403094679117202,1.0,0.2400052994489669,0.0155435744673013
1852,0.0271012317389249,0.215499997138977,0.3159061670303345,1.0,0.4666901528835296,0.2389060258865356,0.4863510131835937,0.1892804205417632,0.1119106709957122,0.7765825986862183,0.3426834344863892,0.043316401541233
2823,0.1315039247274398,0.420849084854126,0.2540283203125,1.0,0.5874246954917908,0.1097100749611854,0.3195243775844573,0.4270572662353516,0.1278657764196396,0.5688133835792542,0.8977944254875182,0.1662189066410064
2824,0.0402160920202732,0.1849761754274368,0.0999704003334045,0.6806831359863281,0.409013032913208,0.0568270348012447,0.3427786827087402,1.0,0.1872743219137192,0.4121589660644531,0.5043138265609741,0.103039912879467
2825,0.0496590919792652,0.2337880134582519,0.1546380221843719,1.0,0.4877411723136902,0.0594897158443927,0.2487355470657349,0.3034228980541228,0.0806781202554702,0.2602683007717132,0.2487160861492156,0.0431745015084743
2826,0.0197271443903446,0.1243979185819625,0.1842044442892074,1.0,0.4649061560630798,0.0716760158538818,0.2690601050853728,0.1224441975355148,0.057820338755846,0.3253308832645416,0.3492046892642975,0.0725756287574768
2827,0.0431392826139926,0.1757147163152694,0.1923755258321762,1.0,0.3561526834964752,0.065448984503746,0.4793443381786345,0.9103245139122008,0.1263016015291214,0.2353755682706833,0.4778218567371368,0.0945818126201629
2828,0.01578289270401,0.1279620826244354,0.2095429152250289,0.9005627632141113,0.2662460505962372,0.0617152452468872,0.5364205837249756,1.0,0.1085710749030113,0.1024948954582214,0.6780409812927246,0.1504744291305542
2829,0.0076125869527459,0.050329566001892,0.2040500640869141,1.0,0.3067570030689239,0.0415105447173118,0.3112931549549103,0.6640480160713196,0.0763665735721588,0.0776237249374389,0.7003457546234131,0.1746409386396408
2830,0.0064675621688365,0.0259841699153184,0.2060473710298538,1.0,0.2994508743286133,0.0174881797283887,0.1060860678553581,0.1657996028661728,0.0153939863666892,0.0262653622776269,0.2056687176227569,0.044181402772665
2831,0.0022786578629165,0.0087260333821177,0.2478373497724532,1.0,0.2852839827537536,0.0143581414595246,0.0705562010407447,0.1122665777802467,0.0114075178280472,0.0206411946564912,0.0669465884566307,0.0106401424854993
2832,0.004177700728178,0.0193830989301204,0.2603773176670074,1.0,0.2918799221515655,0.0145056126639246,0.0831821486353874,0.1659629493951797,0.0191508010029792,0.0262913964688777,0.0730615779757499,0.0151514541357755
2833,0.0236963536590337,0.0648966059088707,0.2705068290233612,1.0,0.2967891693115234,0.0468071475625038,0.2281663715839385,0.3065551519393921,0.0407866053283214,0.0390488691627979,0.1234723255038261,0.0351120568811893
2834,0.0907553732395172,0.1685536205768585,0.2251367419958114,0.7234530448913574,0.2222156077623367,0.1847371011972427,0.5573180913925171,1.0,0.1974343508481979,0.188510924577713,0.2177280485630035,0.0821877866983413
2835,0.0388383492827415,0.2757945954799652,1.0,0.27472186088562,0.0874639153480529,0.132196620106697,0.2276229560375213,0.4742623567581177,0.184852585196495,0.1786645352840423,0.4104507267475128,0.1255776435136795
