,C,C#,D,D#,E,F,F#,G,G#,A,A#,B
106,0.0574802719056606,0.1157134994864463,0.1587052643299102,0.1838158816099167,0.2770327627658844,0.5076660513877869,0.8626903295516967,0.8109671473503112,1.0,0.3581414818763733,0.0703394189476966,0.0371344313025474
107,0.0202161241322755,0.0664321482181549,0.1471364796161651,0.1878955513238906,0.1910612434148788,0.2228058576583862,0.2598398327827453,0.3441809117794037,1.0,0.467709481716156,0.0382206849753856,0.0164296720176935
108,0.0905778408050537,0.1896635442972183,0.380774587392807,0.5068668723106384,0.586720645427704,0.7801225781440736,1.0,0.6153860092163086,0.5131446123123169,0.6262567639350891,0.2230388522148132,0.1057629361748695
109,0.0461797155439853,0.0466269366443157,0.0968306884169578,0.1829596906900405,0.2556264996528625,0.4849376082420348,0.893626570701599,0.4927818775177001,0.2111642807722092,0.4915407598018646,1.0,0.2014268338680267
110,0.0557708479464054,0.0395939797163009,0.0744750201702117,0.1487968564033508,0.269994169473648,0.5520045161247252,1.0,0.5727012753486633,0.2585030496120453,0.3576676547527312,0.5901552438735962,0.1921138018369674
111,0.0544085800647735,0.0196412596851587,0.031879037618637,0.1130126267671585,0.0868380069732665,0.362109512090683,1.0,0.471576064825058,0.1344196796417236,0.1359927803277969,0.1986107677221298,0.1527977287769317
112,0.0484541989862918,0.0193038173019886,0.0302123613655567,0.0882453396916389,0.07425357401371,0.3378026485443115,1.0,0.5233213901519775,0.1015103086829185,0.1055260524153709,0.1751547753810882,0.1380009800195694
113,0.0548620522022247,0.0202434882521629,0.0267575494945049,0.0842322632670402,0.0704563930630683,0.3043093681335448,1.0,0.4162865281105041,0.0908018052577972,0.1355094015598297,0.2179985046386718,0.1643339544534683
114,0.0589847154915332,0.0187307614833116,0.031359639018774,0.0668702572584152,0.0544195957481861,0.2682307660579681,0.8096646666526793,0.3433753550052643,0.1529927104711532,0.4195303916931152,1.0,0.3445461690425873
115,0.034803133457899,0.0116711053997278,0.0211670715361833,0.0446251705288887,0.0589603520929813,0.3256177306175232,0.4978669583797455,0.2075968086719512,0.0589106492698192,0.1981007754802704,1.0,0.3460838496685028
116,0.0303192846477031,0.0178995002061128,0.0396757498383522,0.0564718507230281,0.050255436450243,0.2831083238124847,0.5190240144729614,0.2100050598382949,0.1172701716423034,0.4637671709060669,1.0,0.2515500485897064
117,0.0090531958267092,0.0146640902385115,0.0162146184593439,0.039484716951847,0.0433571301400661,0.2194827497005462,0.8360496163368225,0.3955833315849304,0.3577845394611358,1.0,0.7517599463462828,0.0624112896621227
297,0.0096601778641343,0.0104818576946854,0.0225992929190397,0.0422642081975936,0.0818328931927681,0.322985827922821,1.0,0.7707087397575377,0.2386006861925124,0.1069891452789306,0.0389301180839538,0.0134141016751527
298,0.0264784656465053,0.082968421280384,0.202336698770523,0.3184831738471985,0.4333598613739013,0.6553839445114136,1.0,0.7284177541732787,0.6505438089370728,0.3087288737297058,0.0576236061751842,0.0207078885287046
299,0.0402152724564075,0.1037722826004028,0.2317584007978439,0.3346166610717773,0.4226573109626769,0.6953767538070679,1.0,0.5585572719573976,0.208329826593399,0.3302101194858551,0.5741124749183655,0.109260082244873
300,0.0268200002610683,0.0379327908158302,0.0856934860348701,0.12765933573246,0.1462708115577697,0.3292954564094543,0.6393965482711792,0.3939149975776672,0.158622995018959,0.1470534205436706,1.0,0.4735161066055298
301,0.0135096441954374,0.0346669070422649,0.0877612233161926,0.1629063636064529,0.2832134664058685,0.5529275536537169,1.0,0.5873931050300598,0.1901060789823532,0.2368301153182983,0.4566937088966369,0.085471324622631
302,0.0232997611165046,0.0281262341886758,0.0589549876749515,0.0850530192255973,0.122684970498085,0.506417453289032,0.9636370539665222,0.3591561019420624,0.0631680339574813,0.1559577137231826,1.0,0.3638561367988586
303,0.009883414953947,0.007502899505198,0.0151757607236504,0.0301649458706378,0.0524459183216095,0.3205484151840209,0.8203282952308655,0.3567708432674408,0.0392673201858997,0.1788498759269714,1.0,0.2727862000465393
304,0.0184015743434429,0.0063279191963374,0.0106721343472599,0.0214885286986827,0.0643137618899345,0.3751692473888396,1.0,0.4669650495052337,0.0757513418793678,0.2558892667293548,0.9400733709335328,0.3217856884002685
305,0.0110531272366642,0.0021424558945,0.0080556645989418,0.0136676859110593,0.0610003471374511,0.6784377694129944,0.6551339030265808,0.1598882973194122,0.0214098822325468,0.1248332783579826,1.0,0.4219426214694977
306,0.0149525525048375,0.0027501068543642,0.0129866963252425,0.0133122997358441,0.044606540352106,0.6233117580413817,0.7422073483467102,0.1972800344228744,0.0246556010097265,0.1101477146148681,1.0,0.4965924024581908
307,0.0028776933904737,0.0048429574817419,0.0104238288477063,0.0030884435400366,0.0180079843848943,0.118953451514244,0.2182416468858719,0.0815990343689918,0.0347774215042591,0.4164904654026032,1.0,0.1581896096467971
308,0.0041404389776289,0.0031069556716829,0.0038216628599911,0.0202309433370828,0.0187884513288736,0.0384000651538372,0.1720544546842575,0.1384498178958892,0.4157121479511261,1.0,0.2478090822696685,0.0165233369916677
483,0.1484614163637161,0.1056238859891891,0.1302183419466018,0.1859367787837982,0.196557879447937,0.4017661511898041,0.8761054277420045,0.9680709838867188,1.0,0.3452985286712646,0.1331560611724853,0.1283834129571914
484,0.0422948971390724,0.0515777058899402,0.0909297540783881,0.1131074801087379,0.1513823121786117,0.3060137629508972,0.9401593804359436,1.0,0.4286686778068542,0.2294475734233856,0.0802820399403572,0.0304430648684501
485,0.0131618278101086,0.021864365786314,0.0576898083090782,0.0878377333283424,0.0807244256138801,0.091733194887638,0.1196575313806533,0.4972678124904632,1.0,0.2952240705490112,0.0235504619777202,0.0116480672731995
486,0.0085124587640166,0.0139795383438467,0.0283987801522016,0.0461874343454837,0.075372077524662,0.0211581867188215,0.0243147350847721,0.0427344739437103,0.373471736907959,1.0,0.184719517827034,0.011232191696763
487,0.0089297536760568,0.0180982407182455,0.0317707397043705,0.0418057367205619,0.1295491009950637,0.1705652177333831,0.0654234141111373,0.0465954504907131,0.0681144595146179,0.7567408084869384,1.0,0.0932507887482643
488,0.0046259802766144,0.0043307482264935,0.0096381362527608,0.0110089080408215,0.0228312276303768,0.0644098743796348,0.0193750131875276,0.0069719105958938,0.010349596850574,0.3314826786518097,1.0,0.1572722792625427
489,0.0194133333861827,0.01490084733814,0.0312396623194217,0.0577429607510566,0.0449958480894565,0.0366739481687545,0.0192770808935165,0.0316360555589199,0.1382515877485275,1.0,0.9754617810249328,0.1053350940346717
490,0.0079906927421689,0.0130003904923796,0.0281145703047514,0.0380691066384315,0.0329477526247501,0.0276524350047111,0.0121111143380403,0.0087626185268163,0.0959694012999534,1.0,0.9148498773574828,0.086877554655075
491,0.0241376273334026,0.0126196928322315,0.0307754054665565,0.0452416837215423,0.0418636612594127,0.0790013223886489,0.0660784095525741,0.0701833590865135,0.0524219423532486,0.3526487350463867,1.0,0.1928910017013549
492,0.0889404416084289,0.0419915132224559,0.0839654505252838,0.132771611213684,0.0873286426067352,0.1904935836791992,0.3162676095962524,0.2247028201818466,0.1067775934934616,0.2284407168626784,1.0,0.3511113226413727
493,0.0197640992701053,0.0191398561000824,0.0778923854231834,0.1755345165729522,0.1474049240350723,0.1466358751058578,0.3327316343784332,0.2396894842386245,0.4705537855625152,1.0,0.7469881176948547,0.0846357643604278
494,0.039928201586008,0.0429504737257957,0.042982168495655,0.091527372598648,0.1141552627086639,0.3783107995986937,1.0,0.440773606300354,0.1520789563655853,0.2012857645750045,0.1611304283142089,0.0705441236495971
670,0.1186045557260513,0.1324684619903564,0.1124718338251113,0.2019877433776855,0.26517453789711,0.417864203453064,0.6923947930336,0.8858310580253601,0.8570486903190612,1.0,0.5428689122200012,0.2787133157253265
671,0.0675724446773529,0.048776987940073,0.0876282155513763,0.1277145445346832,0.1807409673929214,0.3058051764965057,0.294607549905777,0.3570923805236816,0.3227372765541076,0.9223471879959104,1.0,0.1406201273202896
672,0.0622647926211357,0.087001271545887,0.1697108894586563,0.2358813434839249,0.3595964610576629,0.6268680691719055,0.536971926689148,0.4275009632110596,0.2732125222682953,0.36920365691185,1.0,0.3938422501087188
673,0.0159578826278448,0.0275021512061357,0.0576731376349926,0.0694672837853431,0.2013515830039978,1.0,0.302493691444397,0.0921481102705001,0.055285420268774,0.1364170908927917,0.7339990139007568,0.1951403021812438
674,0.0152000607922673,0.041272435337305,0.16746287047863,0.053650040179491,0.1499181240797042,1.0,0.3163171112537384,0.0864289626479148,0.07617549598217,0.1531770825386047,0.6269068717956543,0.1874400377273559
675,0.0127443559467792,0.0446440055966377,0.1733415275812149,0.0343051292002201,0.1455789059400558,1.0,0.2629659175872803,0.0296003501862287,0.011929428204894,0.0822236090898514,0.4237374663352966,0.0972924828529358
676,0.0123133175075054,0.0624220333993434,0.2820262610912323,0.0470230542123317,0.136900171637535,1.0,0.2866895496845245,0.0549325197935104,0.0127461412921547,0.0798733830451965,0.3764175176620483,0.1108992770314216
677,0.011053517460823,0.0414693541824817,0.1891417503356933,0.0421934649348259,0.1439836770296096,1.0,0.2432127296924591,0.0353829376399517,0.0236967392265796,0.0918384045362472,0.3993801772594452,0.1108998730778694
678,0.021481666713953,0.0173550397157669,0.0422675348818302,0.0431324243545532,0.2187847048044204,1.0,0.2206807136535644,0.0781001821160316,0.0995586067438125,0.3250321745872497,0.8042483925819397,0.1707954108715057
679,0.0089411912485957,0.0084813768044114,0.0174093823879957,0.044915746897459,0.0383504591882228,0.0553855523467063,0.0368822626769542,0.0397216156125068,0.3332709670066833,1.0,0.3686476647853851,0.04087845236063
680,0.0658655390143394,0.0410529114305973,0.0569995082914829,0.1073547676205635,0.0841230228543281,0.1855735033750534,0.3362689316272735,0.6254345774650574,1.0,0.595875918865204,0.1909031867980956,0.0817545652389526
681,0.0400587171316146,0.0732664391398429,0.0400488711893558,0.0816570743918418,0.0547356754541397,0.0984453558921814,0.1915850639343261,0.9882752299308778,1.0,0.2070494294166564,0.1022032424807548,0.0359340049326419
1228,0.0500242188572883,0.1562240421772003,0.2372026145458221,0.4056543111801147,0.797356367111206,0.2982347905635834,0.2567414045333862,0.3721165657043457,0.4038799703121185,1.0,0.2266582250595092,0.0331105478107929
1229,0.0339330248534679,0.0910212248563766,0.1086274161934852,0.2504387199878692,0.8639971613883971,0.2562791109085083,0.1905602663755417,0.1707685142755508,0.208046942949295,1.0,0.2565350532531738,0.0374104566872119
1230,0.0218923296779394,0.0666928738355636,0.0846699699759483,0.183810755610466,0.8574708700180053,0.3341759741306305,0.1493248790502548,0.1503100395202636,0.1874071359634399,1.0,0.333230048418045,0.0252775028347969
1231,0.0268613155931234,0.0479321144521236,0.086162656545639,0.1898916512727737,0.8087441921234131,0.8185178041458131,0.4819727540016174,0.3819389343261719,0.2087919116020202,1.0,0.7250525355339049,0.050387043505907
1232,0.0161069110035896,0.0270307287573814,0.0456506498157978,0.0953196957707405,0.2407404631376266,0.514320969581604,0.2492678761482238,0.1281501948833465,0.0432056561112403,0.5231994986534119,1.0,0.0841241106390952
1233,0.0156548731029033,0.0192084163427352,0.0276395957916975,0.0409901179373264,0.1768068373203277,0.33477121591568,0.1033532470464706,0.0612011663615703,0.0884941816329956,0.9153847098350526,1.0,0.0680329129099845
1234,0.0050553823821246,0.0068338112905621,0.0139821162447333,0.0245984923094511,0.0475018694996833,0.059518776834011,0.0713192671537399,0.0525280870497226,0.1095771342515945,0.8409637808799743,1.0,0.097442053258419
1235,0.005736831575632,0.0060503245331346,0.0070852315984666,0.0063839890062808,0.0180333908647298,0.0409494303166866,0.0326337702572345,0.0175062455236911,0.0198557339608669,0.6088216304779053,1.0,0.0713532269001007
1236,0.006444024387747,0.0220785327255725,0.0172786395996809,0.015101134777069,0.0241009481251239,0.0458931438624858,0.0350618287920951,0.0162448398768901,0.0344537012279033,0.8629853725433348,1.0,0.0485820472240448
1237,0.0053784311749041,0.0158595573157072,0.0116653367877006,0.0118116466328501,0.0157857928425073,0.0272776540368795,0.0384693294763565,0.0252825282514095,0.0963717475533485,1.0,0.90498286485672,0.0472895987331867
1238,0.0083156451582908,0.017524966970086,0.0443459190428257,0.0724424868822097,0.0709594637155532,0.0456953346729278,0.1166242808103561,0.3832881152629852,1.0,0.6818996071815491,0.130035251379013,0.0152681395411491
1970,0.1356943845748901,0.2539065480232239,0.2611385583877563,0.334621787071228,0.6793173551559448,0.7779240608215331,1.0,0.9864622354507446,0.9302856326103208,0.2240889817476272,0.1131785213947296,0.0976458936929702
1971,0.1271665096282958,0.3106367886066437,0.5522853136062622,0.6742120981216431,0.767874836921692,1.0,0.8766212463378905,0.6040502786636353,0.3754982948303223,0.0961953401565551,0.0335112735629081,0.0435059517621994
1972,0.1606345325708389,0.3947718143463135,0.8253641128540038,1.0,0.9137148261070251,0.9386642575263976,0.794314980506897,0.4012443721294403,0.1788303554058074,0.0725863575935363,0.093920037150383,0.1103595793247222
1973,0.2054949104785919,0.4987558722496032,1.0,0.9229992628097534,0.5486518740653992,0.6665240526199341,0.7225971817970275,0.4194765686988831,0.1935779899358749,0.0794412270188331,0.1075330600142478,0.1340304166078567
1974,0.0713151842355728,0.163377046585083,0.3704397976398468,0.4474596977233887,0.562471866607666,1.0,0.939058780670166,0.4177660048007964,0.1336473524570465,0.0359998904168605,0.0663664638996124,0.0706401169300079
1975,0.045811478048563,0.0735421478748321,0.1823696792125701,0.2543490529060364,0.4721007347106933,0.9418792128562928,1.0,0.4685206711292266,0.2182405143976211,0.0827113911509513,0.0987105816602706,0.0797185152769088
1976,0.0255915783345699,0.0474711544811725,0.1324269920587539,0.2353471219539642,0.2778603732585907,0.6024796962738037,1.0,0.4796564280986785,0.3003770411014557,0.0929887667298316,0.0914561748504638,0.03847636282444
1977,0.0318422950804233,0.0808025673031807,0.3329824805259704,0.2256724834442138,0.1491080373525619,0.4203445613384247,1.0,0.5970631837844849,0.2807632684707641,0.1713788658380508,0.1775818169116974,0.0419825129210948
1978,0.0457917638123035,0.0772405862808227,0.1673838943243026,0.1754930019378662,0.0776091143488883,0.2953518033027649,1.0,0.8530835509300232,0.6222456693649292,0.1935592293739318,0.1343566626310348,0.0453906916081905
1979,0.0483989454805851,0.0739131271839141,0.1346331685781479,0.2178132385015488,0.1496856063604354,0.347542017698288,1.0,0.4099692404270172,0.1837172210216522,0.1238126382231712,0.0965877398848533,0.0412244088947773
1980,0.042028110474348,0.0416282042860984,0.080340027809143,0.1710207909345626,0.1656825095415115,0.4584740400314331,1.0,0.3811243176460265,0.1749100387096405,0.1149689182639122,0.0593600533902645,0.034942552447319
1981,0.0237200073897838,0.0374734513461589,0.1102465987205505,0.236316755414009,0.1387550383806228,0.1582082509994506,0.3846140503883362,1.0,0.6505052447319031,0.1296621412038803,0.0400837659835815,0.027615075930953
2160,0.4085724353790283,0.347378671169281,0.3127102851867676,0.2167542725801468,0.2601720988750458,0.4709255695343017,1.0,0.653739869594574,0.3547561466693878,0.230384349822998,0.440518856048584,0.4260648787021637
2161,0.3186699748039245,0.4305765628814696,0.4824079573154449,1.0,0.3843950033187865,0.1707060039043426,0.2252742052078247,0.1347728222608566,0.0985452234745025,0.0378926619887352,0.0628220289945602,0.1294513046741485
2162,0.0460316985845565,0.1058628037571907,0.17139632999897,1.0,0.5594946146011353,0.0874156132340431,0.1449013352394104,0.1156682968139648,0.0461604446172714,0.0220733936876058,0.0638528391718864,0.0472101084887981
2163,0.1564273834228515,0.3167412281036377,1.0,0.7328004837036132,0.2275061309337616,0.2402248531579971,0.3558106124401092,0.1075362786650657,0.0489667169749736,0.1030656769871711,0.1323685050010681,0.1348160356283188
2164,0.2500085234642029,0.9628357291221618,1.0,0.6844154000282288,0.5346665978431702,0.6119491457939148,0.3823812305927276,0.1420672237873077,0.1433546543121338,0.0803140103816986,0.1047810092568397,0.1600774824619293
2165,0.1974645555019378,0.4501352608203888,0.8077489137649536,0.8700934052467345,0.8550814390182494,1.0,0.8966688513755798,0.4839983284473419,0.2519770860671997,0.1304710954427719,0.1760503202676773,0.1805634349584579
2166,0.3395712971687317,0.3300913274288177,0.4790790379047394,0.6639835834503174,0.507499098777771,0.7642700076103209,1.0,0.4421211779117584,0.3381914496421813,0.2620767056941986,0.4055961668491364,0.3708558678627014
2167,0.1595468372106552,0.1349775940179824,0.1001989096403122,0.1398709118366241,0.2544576227664947,0.5830129981040955,1.0,0.4332614243030548,0.2244045734405517,0.2279160022735596,0.3459608554840088,0.278647780418396
2168,0.2707627415657043,0.1265732944011688,0.1132169738411903,0.1502762138843536,0.5916744470596313,1.0,0.7068408131599425,0.2877176403999328,0.2783343493938446,0.3237837553024292,0.4273048937320708,0.3704691231250762
2169,0.1626831889152526,0.214640274643898,0.4095351397991181,0.3480175137519836,0.3496177494525909,0.8105093836784362,1.0,0.50149005651474,0.3712486922740936,0.3918094635009765,0.4295230805873871,0.3221178650856018
2170,0.1300924867391586,0.229768544435501,0.4209623336791992,0.3947832584381104,0.283572643995285,0.5412808656692505,1.0,0.6593230962753296,0.6396639943122864,0.4368006885051727,0.2864625155925751,0.1725142300128936
2171,0.0768360495567321,0.2239938676357268,0.4545004069805144,0.5188491344451904,0.3329785466194153,0.3876819312572479,1.0,0.6328507065773009,0.5781516432762146,0.3027090728282928,0.1255295574665069,0.0596931874752044
2172,0.0645322725176811,0.0631282702088356,0.1141828149557113,0.2176691442728042,0.2063416242599487,0.3104725778102875,0.5681408047676086,1.0,0.9127203226089476,0.6667084097862244,0.3481386005878448,0.1335013508796692
2349,0.064725138247013,0.0807739272713661,0.119967482984066,0.1526585668325424,0.2215848416090011,0.2646723985671997,0.4880624413490296,0.7430644631385803,0.7408684492111206,1.0,0.3933531045913696,0.0910840556025504
2350,0.0090761827304959,0.0171684119850397,0.0293098986148834,0.0604492276906967,0.2453235387802124,0.2337711006402969,0.203699916601181,0.2079667448997497,0.1962389051914215,1.0,0.5709167718887329,0.0254804342985153
2351,0.0076570534147322,0.0150396693497896,0.0169545020908117,0.0332272984087467,0.2697998285293579,0.18463134765625,0.0869496017694473,0.0684261843562126,0.0929131209850311,1.0,0.6332029700279236,0.0325939357280731
2352,0.006266611162573,0.0071364408358931,0.014399797655642,0.0266490802168846,0.0983724668622016,0.1807546615600585,0.0684175044298172,0.0344351977109909,0.0200007911771535,0.5303071141242981,1.0,0.0880185887217521
2353,0.0120660010725259,0.0109228901565074,0.0255375895649194,0.0457953922450542,0.0822451040148735,0.1219733282923698,0.2172348499298096,0.1597333550453186,0.5374364852905273,1.0,0.705004096031189,0.1075117066502571
2354,0.0333395563066005,0.0205774195492267,0.0639457628130912,0.107817642390728,0.0875373482704162,0.1393326669931411,0.4507400095462799,0.892636001110077,1.0,0.3407774865627289,0.3205610215663909,0.1611000448465347
2355,0.0294375251978635,0.0266831219196319,0.0517311096191406,0.0729490742087364,0.0648070126771926,0.2052880227565765,0.9159622192382812,0.914999723434448,1.0,0.5078921318054199,0.3031719923019408,0.1245455667376518
2356,0.0017966359155252,0.0020726267248392,0.0021734803449362,0.0039814794436097,0.0045500346459448,0.0109635116532444,0.041391797363758,0.0290651973336935,0.1152683719992637,1.0,0.9635888338088988,0.0529697388410568
2357,0.0026943539269268,0.0021529023069888,0.0032572783529758,0.0090346746146678,0.0052008992061018,0.0121740652248263,0.0373482853174209,0.0256967693567276,0.0500792786478996,0.6298668384552002,1.0,0.0633811354637146
2358,0.0050352434627711,0.0028049736283719,0.0032635265961289,0.0145968394353985,0.0063985637389123,0.0126535482704639,0.0457003414630889,0.0361768156290054,0.0625023767352104,0.7385883927345277,1.0,0.0577883273363113
2359,0.0120204370468854,0.0110285263508558,0.0052796024829149,0.0137041714042425,0.0130543569102883,0.013830604031682,0.0639022216200828,0.1260316371917724,0.524766206741333,1.0,0.3845265507698059,0.0283265765756368
2360,0.0490251630544662,0.0554105006158351,0.0802294537425041,0.1049470156431198,0.1172337308526039,0.1120796799659729,0.1303524672985077,0.3808130919933319,1.0,0.5041464567184448,0.2381910979747772,0.0901553183794021
2535,0.0839384570717811,0.0433937534689903,0.0337052270770072,0.0273503959178924,0.0280898660421371,0.0741076841950416,0.1509074568748474,0.2323288023471832,0.2737769782543182,0.9120985269546508,1.0,0.1555087268352508
2536,0.0479060523211956,0.0306462179869413,0.0250802803784608,0.0243190322071313,0.0462092757225036,0.0951436981558799,0.117660604417324,0.1314998120069503,0.0933120623230934,0.1613316088914871,1.0,0.4636043012142181
2537,0.0234475284814834,0.0171113405376672,0.0310742761939764,0.0399963855743408,0.0364967361092567,0.1035640612244606,0.1148248389363288,0.0591232739388942,0.0493128523230552,0.171791210770607,1.0,0.4210488200187683
2538,0.0358537174761295,0.0430765375494957,0.0873004421591758,0.1104402542114257,0.113547645509243,0.2682879865169524,0.246497705578804,0.1209365725517272,0.0718139186501503,0.2005471438169479,1.0,0.3442161977291107
2539,0.0205921791493892,0.0363397151231765,0.1426392644643783,0.0728424414992332,0.1358253508806228,1.0,0.4221422970294952,0.084639236330986,0.0508718565106391,0.0680097341537475,0.6515094637870789,0.2778339385986328
2540,0.0229615978896617,0.1562761068344116,0.5146287679672241,0.0796409025788307,0.1705551594495773,1.0,0.298640877008438,0.0638681724667549,0.0107607189565896,0.1462883651256561,0.6635004281997681,0.1439984589815139
2541,0.0083358772099018,0.133736103773117,0.3714686632156372,0.0403906293213367,0.2198251783847808,1.0,0.2332207262516021,0.0456283651292324,0.0122651755809783,0.1312375217676162,0.4808875620365143,0.0730673670768738
2542,0.0117636900395154,0.1759930998086929,0.5278753042221069,0.0553398765623569,0.2084372788667678,1.0,0.2215328216552734,0.0612294413149356,0.0394019708037376,0.1912591159343719,0.6175772547721863,0.101190485060215
2543,0.0124346232041716,0.0314426198601722,0.122758150100708,0.0454183369874954,0.1821417063474655,1.0,0.3949583768844605,0.2124767452478408,0.2841164767742157,0.2354111075401306,0.6302624940872192,0.1194233670830726
2544,0.0059593971818685,0.0081135760992765,0.0175408497452735,0.0243158005177974,0.0842412933707237,0.1578993499279022,0.1793210804462433,0.1556234955787658,0.3645738065242767,1.0,0.4538785219192505,0.0280767045915126
141,0.1287947297096252,0.0537411160767078,0.1022926121950149,0.4380767941474914,0.3203807175159454,0.5392917990684509,1.0,0.1316685825586318,0.2568477988243103,0.093999408185482,0.116043597459793,0.2592196762561798
142,0.159917339682579,0.0688701495528221,0.1515229642391204,1.0,0.4846166670322417,0.3204639256000519,0.2984827458858489,0.3991257846355438,0.1840706020593643,0.1237313523888588,0.4145860970020294,0.220921829342842
143,0.2842828631401062,0.1502894908189773,0.1652722805738449,1.0,0.6837617754936217,0.4813263118267059,0.345884770154953,0.6548960208892822,0.2843725383281708,0.1913117319345474,0.6095878481864929,0.3326840996742248
144,0.4068423509597778,0.2241240590810776,0.1516288220882415,0.9823347926139832,1.0,0.7140810489654541,0.4528468251228333,0.951038420200348,0.3850937187671661,0.2656919658184051,0.7644081711769104,0.4424796104431152
145,0.3487732410430908,0.1753872632980346,0.1389291435480117,1.0,0.8724860548973083,0.6664500832557678,0.4366031289100647,0.88870507478714,0.342371255159378,0.261930912733078,0.8144640922546386,0.425434112548828
146,0.3537684082984924,0.1759075075387954,0.1376157999038696,1.0,0.8581169247627257,0.6505405902862549,0.408193141222,0.8950162529945372,0.3441222012042999,0.2594879865646362,0.7970806360244752,0.4298493266105652
147,0.3577624857425689,0.1727519035339355,0.1383780241012573,1.0,0.9915393590927124,0.6999699473381041,0.3925399482250213,0.8726072311401366,0.3411436080932616,0.2724574208259582,0.8351993560791015,0.4434791505336761
148,0.3601840138435364,0.1805116534233092,0.1398387551307678,1.0,0.9280759096145628,0.6620743274688721,0.386113166809082,0.8837013244628905,0.338611513376236,0.2668436765670776,0.8359312415122986,0.4447543025016784
149,0.3606841564178466,0.1886933594942093,0.152520328760147,1.0,0.9595186710357666,0.6713802218437195,0.3947938978672028,0.864713966846466,0.33238086104393,0.2796058356761932,0.8547734022140504,0.4466634392738342
150,0.2630787193775177,0.4967876970767975,0.3326089084148407,0.8001627326011658,1.0,0.3964076340198517,0.1636045575141906,0.3314885199069977,0.1217589378356933,0.2630338370800018,0.4051614105701447,0.276105523109436
151,0.1765763759613037,0.2174625992774963,0.2760505080223083,0.6964337825775145,1.0,0.3522988259792328,0.1317478120326995,0.2624377310276031,0.1589838713407516,0.2586995363235473,0.3273320496082305,0.2400615811347961
152,0.2130695134401321,0.3616946935653687,0.2599803507328033,0.6766107082366943,1.0,0.3595741093158721,0.1486660093069076,0.3031593263149261,0.2330706417560577,0.288629800081253,0.3599441051483154,0.2507162094116211
153,0.1945386081933975,0.2478822469711304,0.2312714606523513,0.68864768743515,1.0,0.3664026260375976,0.1602513492107391,0.3166369795799255,0.1643465310335159,0.3002122342586517,0.3752167522907256,0.2492924481630325
154,0.218562126159668,0.2991682589054108,0.2054539322853088,0.678743839263916,1.0,0.3777593672275543,0.1662854552268982,0.3305782973766327,0.1569119989871978,0.3332415521144867,0.4318591654300689,0.2665180563926697
155,0.2265220284461975,0.239617258310318,0.1740202456712722,0.6947543025016785,1.0,0.382691353559494,0.1696998924016952,0.3598306477069855,0.2394528537988662,0.3557556569576263,0.4465219974517822,0.2776694595813751
156,0.2436085343360901,0.2496228069067001,0.1388364136219024,0.6695240139961243,1.0,0.3788119554519653,0.1742634028196334,0.3633535206317901,0.2107316404581069,0.3676509857177734,0.468909591436386,0.2949708998203277
157,0.2847196757793426,0.2552454173564911,0.1311343610286712,0.6987753510475159,1.0,0.3780316412448883,0.1936347633600234,0.3969224989414215,0.174417957663536,0.3872045874595641,0.5343663692474365,0.3358475565910339
158,0.355249524116516,0.495831549167633,0.1969170570373535,0.9411967992782592,1.0,0.3570593893527984,0.1910782605409622,0.4171648025512695,0.3199068009853363,0.4211928248405456,0.6067129969596863,0.3436680734157562
159,0.2588834166526794,1.0,0.2333391159772873,0.5846073031425476,0.5688592195510864,0.2064987868070602,0.105788767337799,0.2145386040210724,0.2246446162462234,0.2273405343294144,0.308262288570404,0.18989859521389
160,0.265602558851242,1.0,0.2425797283649444,0.506179928779602,0.6198775768280029,0.2467580884695052,0.1339399069547653,0.2450667470693588,0.2747218012809753,0.2678371965885162,0.3571594655513763,0.2023487538099288
161,0.2348470985889434,1.0,0.2697730660438537,0.7021709084510803,0.6454431414604187,0.2362589985132217,0.1278654336929321,0.2282606959342956,0.2563155591487884,0.2464253604412078,0.3361223340034485,0.1786787956953048
162,0.2604084014892578,1.0,0.2737049758434296,0.4812801480293273,0.6037935614585876,0.2483223229646682,0.128706470131874,0.2458195984363556,0.4148955643177032,0.2650020718574524,0.3452167212963104,0.2095015496015548
163,0.310257226228714,0.9513127803802488,0.3727146089076996,0.8085381388664244,1.0,0.3978100121021271,0.2016452103853225,0.4192628860473633,0.9697599411010742,0.4576720595359801,0.5314640402793884,0.3350913822650909
164,0.2747960686683655,0.5869943499565125,0.3402213454246521,0.9008187651634216,1.0,0.3739175796508789,0.1882225871086121,0.3661538362503052,0.7803401947021484,0.4070510864257813,0.508790910243988,0.3704971075057983
165,0.2673749625682831,0.5365786552429199,0.357194036245346,0.8512079715728759,1.0,0.3700365722179413,0.1871738731861114,0.3528413474559784,0.7439591884613037,0.3788263499736785,0.479941040277481,0.336694985628128
166,0.0671411603689193,0.1568148732185363,0.1663713008165359,1.0,0.4338921308517456,0.16681869328022,0.0536888912320136,0.0677067041397094,0.1580545306205749,0.0782504677772522,0.1943820714950561,0.0827832818031311
167,0.1207026243209838,0.333125740289688,0.1811514645814896,1.0,0.302970826625824,0.1811274290084839,0.0680701062083244,0.1286392658948898,0.0966522544622421,0.0689514353871345,0.2630294263362884,0.0764361694455146
168,0.1061775088310241,0.2509757876396179,0.1874319463968276,1.0,0.3124957084655761,0.1576531529426574,0.0730156973004341,0.1769188046455383,0.0727654621005058,0.0670395269989967,0.2412860691547393,0.0711753517389297
169,0.1402046382427215,0.3494263887405395,0.2090388089418411,1.0,0.3303989171981811,0.1879729628562927,0.0842107608914375,0.203873798251152,0.0596626996994018,0.085214115679264,0.3923137485980988,0.1046153977513313
170,0.1286725848913192,0.3064750730991363,0.1876274645328521,1.0,0.2927580475807189,0.2052509188652038,0.0920772925019264,0.2143164575099944,0.0625385344028472,0.0853309333324432,0.5034558176994324,0.1262600570917129
171,0.1087275370955467,0.2470380812883376,0.1671105027198791,1.0,0.2139107286930084,0.1902808099985122,0.0871438086032867,0.2027275711297989,0.0446270629763603,0.0694988444447517,0.4579522907733916,0.1048556342720985
172,0.0967261344194412,0.2084625214338302,0.1730669289827346,1.0,0.2195049822330474,0.19822558760643,0.0865959078073501,0.2045298367738724,0.0393405891954898,0.064194232225418,0.4259758591651917,0.1042246595025062
173,0.0993312373757362,0.2181784510612488,0.17815862596035,1.0,0.217686653137207,0.2000214457511901,0.0750159323215484,0.1276779770851135,0.0307719651609659,0.0611700378358364,0.3759664893150329,0.0900374799966812
174,0.072209857404232,0.1706405729055404,0.1464975476264953,1.0,0.2220660299062729,0.1148148402571678,0.0506687276065349,0.1020157411694526,0.029915913939476,0.046751357614994,0.2770975530147552,0.0680771544575691
175,0.1617681086063385,0.666657030582428,0.2405470758676529,1.0,0.2345691472291946,0.1387938410043716,0.0545300059020519,0.158105120062828,0.3322834074497223,0.1006007716059684,0.2218634784221649,0.0867729857563972
176,0.1244527027010917,0.5640086531639099,0.2111351490020752,1.0,0.2153096944093704,0.1254129409790039,0.04173244535923,0.1006180047988891,0.2651812136173248,0.0810866728425026,0.2155075371265411,0.0773477107286453
177,0.2306174039840698,1.0,0.2730632126331329,0.7501103281974792,0.1961372941732406,0.1670992076396942,0.062044184654951,0.1495092064142227,0.4927079677581787,0.1347617208957672,0.3027424812316894,0.1378260850906372
178,0.2070387154817581,1.0,0.2076471298933029,0.2617048025131225,0.1100974380970001,0.097838394343853,0.049434445798397,0.1859035342931747,0.6525752544403076,0.1502529233694076,0.1691955029964447,0.1448703855276107
179,0.2400935888290404,1.0,0.1996988803148269,0.2514941096305847,0.121089868247509,0.1237953528761863,0.0556903332471847,0.2154898643493652,0.8476673960685731,0.1947368681430817,0.2489361017942428,0.2140556573867797
180,0.2310491055250168,0.8937892913818358,0.2129224389791489,0.3623122274875641,0.1750743687152862,0.2004496902227401,0.0779846906661987,0.2592555284500122,1.0,0.2412041574716568,0.309540331363678,0.2613443136215209
181,0.2121438384056091,0.6007716059684753,0.167695865035057,0.4040194153785705,0.1827535629272461,0.2119859457015991,0.0846066027879714,0.2759346067905426,1.0,0.2446443438529968,0.3230825364589691,0.2337124347686767
182,0.1369594782590866,0.3870458602905273,0.1895457357168197,0.6567016243934631,0.3726532459259032,0.1797224879264831,0.0709895342588424,0.2519091665744781,1.0,0.2912910580635071,0.328876793384552,0.1680407524108886
183,0.1350882351398468,0.39765265583992,0.3099453449249267,0.5799107551574707,1.0,0.2676350772380829,0.0403356589376926,0.0563919655978679,0.258036345243454,0.2384563833475113,0.1514019221067428,0.1589246392250061
184,0.147979661822319,0.4681389927864074,0.2868493795394897,0.4898244738578796,1.0,0.2565148472785949,0.038921769708395,0.0609888546168804,0.2825131416320801,0.2585038542747497,0.1518565267324447,0.1539205759763717
185,0.1011645644903182,0.24879290163517,0.2501703202724457,0.5046535134315491,1.0,0.2340703457593917,0.0330643057823181,0.0582709275186061,0.2031041830778121,0.2700354754924774,0.1560760885477066,0.1461922526359558
186,0.0993132516741752,0.2910670936107635,0.2070295512676239,0.4420661926269531,1.0,0.2259418666362762,0.0301956180483102,0.0532402843236923,0.120619535446167,0.2720910906791687,0.1709454655647277,0.1381929367780685
187,0.0891929045319557,0.1979106217622756,0.1641629636287689,0.4180229604244232,1.0,0.2376297265291213,0.0296432897448539,0.0537454262375831,0.1052101105451583,0.2879281342029571,0.1870273798704147,0.1438148617744445
188,0.1200846880674362,0.2507966756820678,0.1284234225749969,0.3830504715442657,1.0,0.2570089697837829,0.0268081594258546,0.0558744519948959,0.1019391119480133,0.3020026385784148,0.2040761560201645,0.1521718949079513
189,0.1333045661449432,0.1800989359617233,0.0974727720022201,0.3669384717941284,1.0,0.2428711652755737,0.0265627149492502,0.0579653941094875,0.0913144052028656,0.3233495056629181,0.2286555916070938,0.1716353148221969
190,0.1614928096532821,0.20557202398777,0.0767879635095596,0.3400113880634308,1.0,0.2367925941944122,0.0288177113980054,0.0646071061491966,0.1081945300102233,0.3350313007831573,0.2608646154403686,0.1954905688762664
191,0.1826606094837188,0.1492594331502914,0.0867052301764488,0.2534820139408111,1.0,0.3543671369552612,0.0558445788919925,0.0728165432810783,0.2077578604221344,0.2934738099575043,0.2458605170249938,0.3314620852470397
192,0.6165740489959717,0.6335412859916687,0.2722132205963135,0.4124341607093811,0.6458896398544312,0.611969828605652,0.3987712264060974,0.4850143194198608,1.0,0.711010217666626,0.4514336884021759,0.9702679514884948
193,0.2437818348407745,0.2001697719097137,0.1256313920021057,0.2075608372688293,1.0,0.4688954651355744,0.257881760597229,0.419380247592926,0.5334776639938353,0.2820161581039428,0.1528788805007934,0.4127995371818542
194,0.2004803419113159,0.1225836798548698,0.0746090486645698,0.1622621715068817,1.0,0.3670167624950409,0.1696470528841018,0.2621634900569916,0.2812515497207641,0.1759520769119262,0.1313706785440444,0.3145635724067688
195,0.3992068469524384,0.2275048792362212,0.1528708636760711,0.2479851841926574,1.0,0.4152894616127014,0.3229616582393646,0.4185793995857239,0.4449221193790436,0.2997423112392425,0.3152008056640625,0.6611516475677489
196,0.546435296535492,0.3236766159534454,0.2525601685047149,0.3255141675472259,0.6147557497024536,0.37074276804924,0.4049242436885834,0.512023389339447,0.5950936675071716,0.4857008457183837,0.493505448102951,1.0
197,0.2490042150020599,0.1616951674222946,0.1329274028539657,0.2488237917423248,1.0,0.3428403735160828,0.1872155964374542,0.2135520577430724,0.2430651485919952,0.1994141489267348,0.2259677499532699,0.4643538892269135
198,0.1805663555860519,0.1282367706298828,0.1149819418787956,0.2326723337173461,1.0,0.3191323578357696,0.1375690102577209,0.135990023612976,0.1665394157171249,0.1527839750051498,0.1665150076150894,0.3390335738658905
199,0.1762604862451553,0.1645077168941497,0.3245566487312317,0.5189645886421204,1.0,0.3447476029396056,0.1353743970394134,0.1560186147689819,0.3301290273666382,0.258252739906311,0.1925015896558761,0.3139822781085968
200,0.7093467116355896,0.7825641632080078,0.7896336317062379,0.9182628393173216,1.0,0.3535526692867279,0.31684809923172,0.5668445229530334,0.4377992451190949,0.4216925501823425,0.6619977355003357,0.7275902032852173
201,0.3212908506393432,0.442461371421814,0.2979578971862793,0.3673280477523804,1.0,0.3215194642543793,0.2563517689704895,0.2003678977489471,0.0838260650634765,0.1424378901720046,0.2441691160202026,0.3246584236621856
202,0.3857424259185791,0.556135892868042,0.2392473667860031,0.3408593535423279,1.0,0.3084747195243835,0.3266456425189972,0.2201163917779922,0.1704661399126052,0.1624663174152374,0.1808602064847946,0.2938940823078155
203,0.4363444447517395,0.7491374611854553,0.6030762195587158,0.685875654220581,1.0,0.413144588470459,0.9595273733139038,0.2684909105300904,0.1399895399808883,0.1982474625110626,0.2379332780838012,0.3527541160583496
204,0.3492147922515868,0.8619149327278137,0.5236330628395081,0.5788216590881348,0.9897173047065736,0.3938792645931244,1.0,0.2040424644947052,0.0774841532111167,0.1679425239562988,0.1855281144380569,0.2835455536842346
205,0.2824467718601227,0.7941699028015136,0.4137840569019317,0.4820536673069,0.8855599761009216,0.3459939956665039,1.0,0.215117797255516,0.0764387249946594,0.166885569691658,0.1660458147525787,0.226785346865654
206,0.249803990125656,0.7976431250572205,0.5305871963500977,0.6275733113288879,0.977863311767578,0.3647392094135285,1.0,0.2707453668117523,0.1214126944541931,0.1942632794380188,0.1822657585144042,0.2146271467208862
207,0.1840267032384872,0.5202033519744873,0.4695035219192505,0.6425175666809082,1.0,0.2857967019081116,0.4958866536617279,0.302478164434433,0.2153541594743729,0.2212817072868347,0.1889149099588394,0.1977372169494629
796,0.2863582372665404,0.4766328334808349,0.8230101466178894,1.0,0.5479955077171326,0.3143430948257446,0.1573974639177322,0.1086629405617714,0.2012008279561996,0.2365266680717468,0.5396316051483153,0.2881628572940826
797,0.3085650205612182,0.6009442210197449,0.8306611180305482,1.0,0.7449073791503905,0.4911660850048064,0.2151840329170227,0.0675185173749923,0.0817260965704917,0.1326735764741897,0.2626510560512543,0.1555593460798263
798,0.2612634897232056,0.6468024849891664,0.8557966351509094,1.0,0.819760501384735,0.5335242748260498,0.2317354828119277,0.0765206962823867,0.1248587742447853,0.2065208554267883,0.2817561030387878,0.1314404755830764
799,0.205595389008522,0.6101934313774109,0.7762251496315001,1.0,0.6641395092010498,0.4074863791465759,0.1739957481622696,0.0595332272350788,0.1367301493883133,0.2909947633743286,0.1835743188858032,0.0784585177898407
800,0.1851000636816024,0.4428338110446929,0.6478603482246399,1.0,0.744711995124817,0.3543956577777862,0.1442436724901199,0.0466095134615898,0.1327609568834304,0.256062388420105,0.1396518051624298,0.0636971369385719
801,0.1672200262546539,0.3940204977989197,0.6310646533966064,1.0,0.6947798132896423,0.3514613211154938,0.1459840536117553,0.0621668100357055,0.1883226037025452,0.2849305868148804,0.1401449739933014,0.0606850981712341
802,0.1513369083404541,0.3676673471927642,0.6109532713890076,1.0,0.6463454365730286,0.3434150218963623,0.1479720026254654,0.0543183274567127,0.2063730806112289,0.4460276067256928,0.2521023154258728,0.0780605301260948
803,0.1901920586824416,0.5763562917709352,0.7514572739601134,0.9784427881240844,0.8091147541999818,0.4241235256195068,0.1763770878314972,0.0748578906059265,0.2591640949249267,1.0,0.3988985121250152,0.0948144271969795
804,0.2422944605350494,0.6737889051437378,0.5936580896377563,0.6849319338798523,0.5618880987167358,0.3432064056396484,0.1618513613939285,0.0511126741766929,0.2446135580539703,1.0,0.2845042943954468,0.071230947971344
805,0.1956263929605484,0.4197686016559601,0.5623543858528137,1.0,0.5131752490997313,0.2750260829925536,0.1519311219453811,0.0710445195436477,0.2717911601066589,0.9157592058181762,0.1920779943466186,0.057397648692131
806,0.212449848651886,0.5431879758834839,0.5361976623535156,1.0,0.4897854626178741,0.2449328452348708,0.1330397874116897,0.0555397719144821,0.200502336025238,0.5324553847312927,0.1736346781253814,0.0596527718007564
807,0.2829916179180144,0.791595220565796,0.6775887608528137,1.0,0.4723205566406249,0.2666320204734802,0.1454222649335861,0.0618313625454902,0.1986892372369766,0.7363238334655762,0.137983039021492,0.0466853491961956
808,0.3046346306800842,1.0,0.6162229776382446,0.8070907592773436,0.5378730893135071,0.2721732258796692,0.1218688338994979,0.0650580152869224,0.1797630786895752,0.5456758141517639,0.1905907392501831,0.0540098808705806
809,0.2630592286586761,0.6440520286560059,0.5663204193115233,1.0,0.4215996861457824,0.2124978303909301,0.1007773727178573,0.0453123040497303,0.1879246085882187,0.6213495135307312,0.276553213596344,0.0650988146662712
810,0.1376689076423645,0.5291228890419006,0.402202695608139,0.560927152633667,0.3242138028144836,0.182159885764122,0.0846568942070007,0.038629725575447,0.2392153143882751,1.0,0.3374463319778442,0.0499945357441902
811,0.1306127309799194,0.4871315360069274,0.5356525182723999,1.0,0.5995123982429504,0.2129776626825333,0.0673406943678855,0.0521225035190582,0.2459104955196381,0.636321485042572,0.2527408599853516,0.0319232083857059
812,0.2495610415935516,0.8612453341484071,0.4425548613071441,0.7495517134666442,0.8811057209968567,0.2761819362640381,0.0813383758068084,0.1062218621373176,0.6301470398902893,1.0,0.329444944858551,0.0603287033736705
813,0.1231622993946075,0.5036914348602295,0.2605053186416625,0.4040025770664215,0.5540027022361755,0.1717436760663986,0.037392184138298,0.0602491423487663,0.4709013700485229,1.0,0.3366102874279022,0.0293405521661043
814,0.1121478304266929,0.5396683216094971,0.3705245852470397,0.6543634533882141,0.33209028840065,0.0989685282111168,0.0291459057480096,0.0249239616096019,0.3206732273101806,1.0,0.508963406085968,0.0542238131165504
815,0.1064085662364959,0.3257010579109192,0.3224461674690246,0.862977623939514,0.3422695696353912,0.0971665307879448,0.0349639058113098,0.069469079375267,0.519301176071167,1.0,0.5041161775588989,0.1046507284045219
816,0.2366578131914138,0.6291598677635193,0.3961305916309356,0.7794823646545409,0.32313272356987,0.0887849405407905,0.0373822338879108,0.0559491962194442,0.4748004972934722,1.0,0.4543859064579009,0.1032060533761978
817,0.1674365103244781,0.427144318819046,0.377701848745346,0.7605483531951904,0.3391360342502593,0.0891099348664283,0.0349668003618717,0.0600518360733985,0.4716828167438507,1.0,0.404562383890152,0.0821040570735931
818,0.3027935028076172,0.8200300931930542,0.3035374879837036,0.8989218473434448,0.4047892093658447,0.0940234959125519,0.0279954280704259,0.0585722029209136,0.4076235294342041,1.0,0.3426893651485443,0.041406825184822
819,0.1048728376626968,0.2966362535953522,0.3803853988647461,1.0,0.3808472752571105,0.090554378926754,0.0265719909220933,0.0243448447436094,0.2310970425605773,0.8395254611968994,0.2950918078422546,0.0273804161697626
820,0.0920478627085685,0.4581787288188934,0.4617536067962646,1.0,0.3744837045669556,0.0675848498940467,0.0358632914721965,0.0618172399699688,0.3163111507892608,0.795659065246582,0.3539395928382873,0.0336203351616859
821,0.1032806560397148,0.3485054969787597,0.12169049680233,0.3356118202209472,0.6657519340515137,0.1329790502786636,0.0329809077084064,0.0802759751677513,0.3918620347976684,1.0,0.4295682311058045,0.0402979478240013
822,0.1018338501453399,0.2269019037485122,0.10966207832098,0.2651723623275757,0.6538447737693787,0.1696491986513137,0.0362712666392326,0.0717609301209449,0.41434508562088,1.0,0.4145314395427704,0.0540521033108234
823,0.1013400480151176,0.2538650333881378,0.1242003515362739,0.4451637268066406,0.7570031881332396,0.1229721456766128,0.0358709171414375,0.0877435579895973,0.4415929913520813,1.0,0.4038564562797546,0.043977316468954
824,0.1089991554617881,0.2145692110061645,0.1121962815523147,0.4624571502208709,0.9151381850242616,0.1454452723264694,0.0430092960596084,0.1158429011702537,0.4848270714282989,1.0,0.3696844577789306,0.0332033857703208
825,0.1444715857505798,0.2940584421157837,0.1171905919909477,0.4439358115196228,0.796299934387207,0.1225098893046379,0.041417721658945,0.101769670844078,0.4350474774837493,1.0,0.3810323774814605,0.038468349725008
826,0.1391949504613876,0.3020756542682648,0.115545704960823,0.356447696685791,0.5333777070045471,0.0858351364731788,0.0318523421883583,0.0921644568443298,0.3962490260601044,1.0,0.4548720717430114,0.0405046194791793
827,0.0588892623782157,0.1802466213703155,0.072191022336483,0.225253403186798,0.5055277943611145,0.0920585840940475,0.0259555038064718,0.0695318207144737,0.3359446823596954,1.0,0.4541146159172057,0.0352348610758781
828,0.1368027031421661,0.2652211785316467,0.0865300148725509,0.2226998507976532,0.3257346153259277,0.079055331647396,0.0224808473140001,0.0583016350865364,0.3999762535095215,1.0,0.4252482950687408,0.0289568584412336
829,0.1532277315855026,0.45573890209198,0.1220004260540008,0.2348813712596893,0.2240151166915893,0.050863642245531,0.0194747727364301,0.0638905242085456,0.5075635313987732,1.0,0.3662179708480834,0.0227675568312406
830,0.1294488310813903,0.3932051360607147,0.0959650203585624,0.1427077651023864,0.120085634291172,0.0507723651826381,0.0323288664221763,0.0949020832777023,0.6496553421020508,1.0,0.4097243547439575,0.0279441643506288
831,0.0867431983351707,0.2287692427635193,0.0649555027484893,0.1144687086343765,0.1883238404989242,0.0550475195050239,0.0269010681658983,0.0688763409852981,0.4658295214176177,1.0,0.4268615245819092,0.0289930738508701
832,0.139334037899971,0.4284645915031432,0.0890889689326286,0.108616754412651,0.1202149018645286,0.0395524986088275,0.0196678508073091,0.1006592139601707,0.6154112219810486,1.0,0.3761120140552521,0.0279173105955123
833,0.1625069826841354,0.5120612978935242,0.0632513612508773,0.0697392746806144,0.1447953283786773,0.0370693691074848,0.0095320902764797,0.0475848466157913,0.5675496459007263,1.0,0.2207105904817581,0.0178856141865253
834,0.1054514124989509,0.2869342267513275,0.0521293506026268,0.0728125125169753,0.1928240805864334,0.0422591902315616,0.008025768212974,0.0349254049360752,0.4924303591251373,1.0,0.2312961220741272,0.0210989695042371
835,0.2055744379758834,0.4741562008857727,0.0916311964392662,0.1248691082000732,0.3101172149181365,0.0409736335277557,0.006667842157185,0.0588317215442657,0.5516508221626282,1.0,0.2711442112922668,0.027611169964075
836,0.0864196792244911,0.2299204170703888,0.0387573428452014,0.0677900537848472,0.2371093332767486,0.0361893624067306,0.004424896556884,0.0198673624545335,0.3303311765193939,1.0,0.3259342014789581,0.0192845612764358
837,0.1485951244831085,0.5948829650878905,0.0797262415289878,0.0564302094280719,0.2256452739238739,0.04713911190629,0.0138105498626828,0.0226935427635908,0.3292477130889892,1.0,0.3422459959983825,0.0209336169064044
838,0.1130082607269287,0.3926940858364104,0.063247725367546,0.0584265999495983,0.0861116126179695,0.0211611855775117,0.0205118097364902,0.0595246776938438,0.5897342562675476,1.0,0.3940753638744353,0.0225389115512371
839,0.1487616896629333,0.4026408195495605,0.0519743785262107,0.0565739348530769,0.0958001911640167,0.0219760742038488,0.0182171948254108,0.0653628408908844,0.508144199848175,1.0,0.4183924794197082,0.0236349813640117
840,0.1103357002139091,0.3172000646591186,0.0495708137750625,0.0485047213733196,0.094063714146614,0.0213806796818971,0.0135823674499988,0.0744545012712478,0.5474230051040649,1.0,0.4286760091781616,0.023919939994812
841,0.056205928325653,0.1858633458614349,0.0394550561904907,0.0607165694236755,0.0712044835090637,0.0168085489422082,0.0144291231408715,0.1794394850730896,0.7012386322021484,1.0,0.3919939398765564,0.0195624977350234
842,0.2483017444610596,0.6504117250442505,0.0785208120942115,0.0497334375977516,0.0761177688837051,0.0228631757199764,0.0120197599753737,0.1221099495887756,0.5121588706970215,1.0,0.4325347542762756,0.036561369895935
843,0.216907113790512,0.3688668608665466,0.0501918047666549,0.0520540066063404,0.2176474928855896,0.0676129609346389,0.0176252219825983,0.1453323662281036,0.5390312671661377,1.0,0.394554078578949,0.0343947820365428
844,0.0935122221708297,0.3303540050983429,0.0907143428921699,0.1044865995645523,0.3908880054950713,0.1453305035829544,0.0500194914638996,0.2060811519622802,0.4971213340759277,1.0,0.4198767840862273,0.0392137058079242
845,0.1218557059764862,0.5911195874214172,0.1362092047929763,0.1155741065740585,0.3650691509246825,0.1965034306049347,0.0979019552469253,0.0493960604071617,0.2730096280574798,1.0,0.3823594748973846,0.0221509039402008
846,0.1974105685949325,0.9642377495765686,0.2506886720657348,0.1808100193738937,0.3071968555450439,0.2804814875125885,0.2274842262268066,0.0773074924945831,0.3105776607990265,1.0,0.4667598009109497,0.036714594811201
847,0.196827620267868,0.9359180331230164,0.1481246501207351,0.0479963459074497,0.14071786403656,0.089822344481945,0.0962440595030784,0.0378083363175392,0.2880098819732666,1.0,0.4951376020908356,0.0384180881083011
848,0.080237440764904,0.2023009061813354,0.022399378940463,0.0324879623949527,0.1722297072410583,0.0833245739340782,0.0932652130722999,0.0266092363744974,0.3253835439682007,1.0,0.3903743028640747,0.0272223930805921
849,0.2020204961299896,0.5434749722480774,0.0514276959002018,0.0331381224095821,0.1700549125671386,0.0919050499796867,0.10903812199831,0.0385576896369457,0.3831194341182709,1.0,0.3423958122730255,0.0247443597763776
850,0.1256954669952392,0.3347700536251068,0.0465853735804557,0.0839510634541511,0.4441726803779601,0.1954839080572128,0.1647626757621765,0.0520162284374237,0.3718826174736023,1.0,0.2915080189704895,0.0204673372209072
851,0.6089388132095337,0.9769362211227418,0.1117547452449798,0.1104092076420784,0.4265169501304625,0.2489093840122223,0.2662544846534729,0.0849264934659004,0.3793858289718628,1.0,0.1924259811639785,0.0664098560810089
852,0.465328961610794,1.0,0.0958488881587982,0.041457574814558,0.1207625269889831,0.0965926870703697,0.1860124170780181,0.0921016260981559,0.1227664351463317,0.3850477933883666,0.0893273055553436,0.0336241461336612
853,0.4647659361362456,0.7991007566452025,0.1001977026462554,0.2266343981027603,0.8001617789268493,0.5118613839149475,0.7013871073722839,0.7562377452850341,0.6712039113044739,1.0,0.2463505417108536,0.0502932891249656
854,0.2249876409769058,0.5445324182510376,0.0750113129615783,0.1936348676681518,0.4057663679122925,0.2829292118549347,0.3919745683670044,0.4237145483493805,0.5915288925170897,1.0,0.2602069079875946,0.0238133203238248
855,0.1542485654354095,0.1661220341920852,0.0233429856598377,0.1169161349534988,0.3538541793823242,0.0707014426589012,0.0488131009042263,0.0829480737447738,0.4989700317382813,1.0,0.296009361743927,0.0264334045350551
856,0.1176706105470657,0.1688186675310135,0.0153010161593556,0.1657201200723648,0.4737483263015747,0.0921659097075462,0.0304023865610361,0.0400680489838123,0.4608561992645264,1.0,0.3167661428451538,0.0185011345893144
857,0.1753289401531219,0.535199761390686,0.0658844783902168,0.3257230222225188,0.598609983921051,0.0978330746293068,0.0460319407284259,0.0425827130675315,0.3927870988845824,1.0,0.3803511261940001,0.0230440609157085
858,0.6321194171905518,1.0,0.0735194981098175,0.2479438036680221,0.6015685200691223,0.1066871955990791,0.0537975579500198,0.0543927401304244,0.2593703866004944,0.6675943732261658,0.1088484600186348,0.0306755490601062
859,0.7754258513450623,1.0,0.1089165210723876,0.6336090564727783,0.8994048833847046,0.0910706296563148,0.0399119816720485,0.0636859089136123,0.3725232481956481,0.7577909231185913,0.149321511387825,0.1424552798271179
1442,0.3721821010112761,0.723237156867981,0.7574103474617004,1.0,0.9177377820014953,0.4183108508586884,0.1975404024124145,0.3009177446365356,0.0983671694993972,0.1161234751343727,0.108892299234867,0.1363183408975601
1443,0.2940709292888641,0.6042983531951904,0.7146227359771729,1.0,0.778629183769226,0.4732981026172637,0.2328706085681915,0.2590685486793518,0.1382073014974594,0.3761475086212158,0.1358111649751663,0.073062889277935
1444,0.236731931567192,0.4776634275913239,0.7434417605400084,1.0,0.7065500617027283,0.4526437520980834,0.2665912210941314,0.3449273407459259,0.1369631290435791,0.1970868110656738,0.1384959816932678,0.0878733024001121
1445,0.1853382438421249,0.4899648427963257,0.7207334637641906,1.0,0.5896487832069397,0.3633864820003509,0.4316403865814209,0.4165808260440826,0.0996527969837188,0.1437970399856567,0.1836441904306412,0.0906057506799697
1446,0.3835467994213104,0.8203861117362976,0.8567908406257628,1.0,0.8144469261169434,0.4993874132633208,0.4227664768695831,0.36513352394104,0.2110992819070816,0.4359776675701141,0.2014916241168976,0.1072300225496292
1447,0.3256612420082092,0.6086481213569641,0.7266770005226134,1.0,0.7341790795326234,0.4275898933410644,0.4132543802261352,0.4722957909107208,0.0904085412621498,0.1135053932666778,0.1156833246350288,0.0865290239453315
1448,0.2364291995763778,0.6653923392295836,0.6823797821998596,1.0,0.6621271967887878,0.4156249761581421,0.3813912272453308,0.5027732849121094,0.159943550825119,0.3657505214214325,0.1769945621490478,0.0789671912789344
1449,0.32359778881073,0.7657803893089294,0.9280781149864196,1.0,0.7591817975044249,0.4346160888671875,0.2948732078075409,0.2837584912776947,0.1539569050073623,0.538210391998291,0.2724227905273437,0.0945225358009338
1450,0.1852219253778457,0.4731239378452301,0.8319100141525267,1.0,0.7254263162612915,0.3107063770294189,0.1895704865455627,0.155965581536293,0.1536982506513595,0.4536159932613373,0.105237491428852,0.0541079342365264
1451,0.1927407681941986,0.4901361465454101,0.786010503768921,1.0,0.6294916272163391,0.3112569749355316,0.2302535772323608,0.2345972061157226,0.1458215117454528,0.5284922122955321,0.2631221413612366,0.0723007470369338
1452,0.184460774064064,0.6424281597137451,0.7211373448371886,1.0,0.8893626928329467,0.4261743128299712,0.463590145111084,0.7206825017929077,0.183102011680603,0.4061352908611297,0.3184289336204529,0.0770791172981262
1453,0.272938996553421,0.6312297582626343,0.6345725655555725,1.0,0.8476009368896483,0.4093769192695617,0.3831273913383484,0.4250618815422057,0.2061607092618942,0.72888046503067,0.3702060580253601,0.0827084183692932
1454,0.1781363040208816,0.4477657675743103,0.3104193806648254,0.419456273317337,0.344712346792221,0.1530915945768356,0.103326715528965,0.1003475487232208,0.2509798109531402,1.0,0.2584790289402008,0.0414029620587825
1455,0.136775866150856,0.4185149669647217,0.550454318523407,0.8395220041275024,0.5318765640258789,0.200993612408638,0.2585707902908324,0.3760094940662384,0.390495091676712,1.0,0.2971540689468384,0.0492591559886932
1456,0.224272534251213,0.5727419853210449,0.5155757069587708,0.7478349804878234,0.4039735496044159,0.1868959516286849,0.2960658669471741,0.4789667129516601,0.279463678598404,1.0,0.3830198049545288,0.0553782619535923
1457,0.1453103274106979,0.4766425192356109,0.5610252022743225,1.0,0.5690803527832031,0.1936958283185959,0.1806836873292922,0.2640499770641327,0.1428770422935485,0.4427101016044616,0.2926034033298492,0.0543627515435218
1458,0.1994861662387848,0.8614222407341003,0.7020257115364075,1.0,0.4699493646621704,0.2262533456087112,0.255649209022522,0.2772507071495056,0.2639189064502716,0.5973223447799683,0.2620242238044739,0.0687165781855583
1459,0.2157242894172668,1.0,0.5659725069999695,0.7791392803192138,0.6434692740440369,0.211099773645401,0.1865118891000748,0.231367215514183,0.4056519865989685,0.9207859635353088,0.2954741716384888,0.0549624674022197
1460,0.1688839346170425,0.7173216342926024,0.3417918086051941,0.4624387919902801,0.3258131444454192,0.1066555082798004,0.0703567638993263,0.0937577188014984,0.4279200434684753,1.0,0.2367769628763198,0.0456402450799942
1461,0.218750387430191,0.7144555449485779,0.3662734925746918,0.5440047383308411,0.2722805738449096,0.1071589291095733,0.13507941365242,0.2341964095830917,0.4375225603580474,1.0,0.2925145328044891,0.0464191474020481
1462,0.1823716908693313,0.5456320643424988,0.6002073884010315,1.0,0.3032431304454803,0.1290349215269088,0.4664454460144042,0.8797364234924316,0.5675764679908752,0.8708387017250061,0.2560062706470489,0.0697665363550186
1463,0.1835373044013976,0.5366995334625244,0.448255032300949,0.6314778327941896,0.3869523406028748,0.1688965708017349,0.4673151969909668,0.9768178462982176,0.900781750679016,1.0,0.459407478570938,0.0673301219940185
1464,0.158174529671669,0.4727006554603576,0.2195808589458465,0.3083088994026184,0.2770300209522248,0.1036694645881652,0.1958812028169632,0.4129265248775481,0.577017307281494,1.0,0.2936026453971863,0.0705682635307312
1465,0.12325269728899,0.3195635676383972,0.8383116722106932,1.0,0.2642101943492889,0.104876697063446,0.1671869456768036,0.2260824292898178,0.396695464849472,0.6602020859718323,0.3625064194202423,0.0503408908843994
1466,0.1389371901750564,0.3046178817749023,0.332321286201477,0.707522690296173,0.2570847868919372,0.1004271358251571,0.1782993823289871,0.2355066686868668,0.2175302952528,0.6047281622886658,1.0,0.1822861582040786
1467,0.3114008605480194,0.7787090539932251,0.2659891247749328,0.6049752235412598,0.3449498116970062,0.1133790910243988,0.0815445855259895,0.1501572579145431,0.3273311853408813,1.0,0.9105471968650816,0.1893427670001984
1468,0.4110368192195892,0.7093037962913513,0.2265077829360961,0.4369975626468657,0.3260365128517151,0.1257997453212738,0.095358707010746,0.1663230508565902,0.5274492502212524,1.0,0.8400493264198302,0.1777300536632537
1469,0.3977433741092681,0.6658717393875122,0.2540811002254486,0.5182061791419983,0.5221455097198486,0.1582428812980651,0.100878469645977,0.1582338213920593,0.4955210685729981,0.9761096835136412,1.0,0.2551924288272857
1470,0.3597543239593506,1.0,0.2980436682701111,0.7082713842391968,0.7389032840728759,0.2010194957256316,0.1367421895265579,0.2622565925121307,0.521690845489502,0.789026141166687,0.9783101677894592,0.220528095960617
1471,0.1404236853122711,0.3095506131649017,0.1868252158164978,0.6494481563568115,1.0,0.193305566906929,0.0835001990199088,0.1578652560710906,0.3451211750507355,0.6008370518684387,0.2915053665637969,0.0757982656359672
1472,0.1436398029327392,0.2771793603897095,0.1533514708280563,0.6554290652275084,0.7506840229034423,0.1360373049974441,0.0924356281757354,0.1990846246480941,0.48091122508049,1.0,0.2157876193523406,0.0652260854840278
1473,0.1922748386859893,0.3626822531223296,0.1283596456050872,0.2390398979187012,0.2940561473369598,0.0759799629449844,0.0578111410140991,0.0837434753775596,0.3353265821933746,1.0,0.2253355234861373,0.0587198324501514
1474,0.2820615470409393,0.9689268469810484,0.3283583223819732,0.6047085523605347,0.6696224212646484,0.1617742925882339,0.0715976729989051,0.1813851594924926,0.8974418640136719,1.0,0.3640372753143311,0.193544790148735
1475,0.3684384822845458,1.0,0.2140427678823471,0.2523169219493865,0.3949945569038391,0.0992612019181251,0.061031986027956,0.1455738246440887,0.7306656837463379,0.5909420847892761,0.2417622953653335,0.1382246762514114
1476,0.3374103009700775,0.9357097148895264,0.2465845793485641,0.2546335458755492,0.5139133334159851,0.1716269999742508,0.1259423494338989,0.1817970126867294,0.8047769665718079,1.0,0.2844789922237396,0.0707175210118293
1477,0.3103111386299133,1.0,0.1546608507633209,0.0805991142988205,0.1153207272291183,0.0446541421115398,0.0600980669260024,0.1194970235228538,0.4487613141536712,0.3888878524303436,0.09625755995512,0.0531212165951728
1478,0.1217928379774093,0.485049694776535,0.1276489943265915,0.0935162231326103,0.1323933899402618,0.0567481145262718,0.0633682534098625,0.1295949518680572,0.9180275201797484,1.0,0.1686185747385025,0.1036577969789505
1479,0.4177655577659607,1.0,0.1699470281600952,0.1348741799592971,0.1944659501314163,0.0770343095064163,0.0919598564505577,0.1818409264087676,0.887144148349762,0.9342993497848512,0.1473856568336486,0.1237909644842147
1480,0.5081266760826111,1.0,0.1931090801954269,0.1946781426668167,0.2632052600383758,0.0997357293963432,0.1290880143642425,0.1416130363941192,0.5150430798530579,0.7720649242401123,0.1666113883256912,0.1590156704187393
1481,0.6845651268959044,1.0,0.1200679764151573,0.0894213840365409,0.1751675009727478,0.0448132790625095,0.0391835607588291,0.0662160366773605,0.3159969747066498,0.7511281967163086,0.20155331492424,0.1121447011828422
1482,0.4145435094833374,1.0,0.1521663814783096,0.0557801313698291,0.142238587141037,0.0251371450722217,0.0572714209556579,0.0579555071890354,0.322404533624649,0.7984746694564819,0.3120408654212952,0.0767336636781692
1483,0.5697019696235657,1.0,0.1350384056568145,0.0789743661880493,0.1447319984436035,0.0419482253491878,0.1026139706373214,0.0687619298696518,0.3816977739334105,0.5508401989936829,0.1654636114835739,0.063490480184555
1484,0.5562768578529358,1.0,0.1011132001876831,0.1589728146791458,0.3174336552619934,0.0586303286254406,0.1164753884077072,0.1577959805727005,0.8791554570198059,0.6951848268508911,0.2646776437759399,0.104865163564682
1485,0.3644488453865051,0.7612296938896179,0.0924460515379905,0.0645515546202659,0.1831482499837875,0.0524653755128383,0.0969446450471878,0.3064910769462585,1.0,0.5974302887916565,0.1433301270008087,0.0809782445430755
1486,0.3188868761062622,1.0,0.1183141097426414,0.0554252341389656,0.1995839029550552,0.0415970906615257,0.0467953942716121,0.1225576698780059,0.4087999761104584,0.4558393359184264,0.1351110339164734,0.0386724323034286
1487,0.4915418922901153,1.0,0.1004620790481567,0.0612902864813804,0.2527638673782348,0.0816533863544464,0.0929116308689117,0.2261111885309219,0.6652346253395081,0.6519239544868469,0.1887229233980178,0.1190273761749267
1488,0.6070839762687683,1.0,0.1281343251466751,0.0569308474659919,0.1890242546796798,0.0680710077285766,0.0677899867296218,0.4885784685611725,0.9764175415039062,0.684186577796936,0.2344676554203033,0.0716112852096557
1489,0.3956765234470368,1.0,0.1627404540777206,0.0552704147994518,0.1043820902705192,0.0617765411734581,0.0428586192429065,0.1676078140735626,0.3172421455383301,0.4327060878276825,0.1022628620266914,0.0517914555966854
1490,0.4114589095115661,0.8406498432159424,0.3226262629032135,0.3179892003536224,0.464825302362442,0.4383670389652252,0.2375540435314178,0.4100592732429504,1.0,0.5245565176010132,0.0713922604918479,0.0630187913775444
1491,0.4354970753192901,0.705172061920166,0.4857682287693024,0.6195526123046875,1.0,0.90912789106369,0.5521702766418457,0.3130959868431092,0.5833981037139893,0.7528513669967651,0.1320727467536926,0.1075226813554763
1492,0.4565587639808655,0.9076091647148132,0.2120854705572128,0.2065027803182601,0.3809945583343506,0.409133106470108,0.3030254244804382,0.3219130039215088,1.0,0.8436883687973022,0.1734160482883453,0.1179778575897216
1493,0.4173524975776672,0.8617873787879943,0.1528667658567428,0.0352507270872592,0.1097409948706626,0.1043056398630142,0.0790223553776741,0.1012525260448455,0.6034324765205383,1.0,0.1440945565700531,0.1033485680818557
1494,0.394905686378479,1.0,0.1343530416488647,0.0578681230545044,0.1947211623191833,0.2342354506254196,0.2601030766963959,0.1561537384986877,0.7204523682594299,0.7932581901550293,0.1374538242816925,0.0452531203627586
1495,0.3862207233905792,0.5307611823081969,0.0403919927775859,0.0478198565542697,0.1379171460866928,0.1618111431598663,0.2627041339874267,0.122658833861351,0.770081102848053,1.0,0.1482200175523758,0.0681635811924934
1496,0.247118517756462,0.3301021456718445,0.02916095033288,0.032950285822153,0.1025357991456985,0.0494598150253295,0.1005351617932319,0.13252754509449,0.5413739681243896,1.0,0.2371827214956283,0.0711642503738403
1497,0.2435110956430435,0.3472751975059508,0.0539479739964008,0.0580388456583023,0.1992826461791992,0.1935545802116394,0.3433471024036407,0.3422106206417084,0.824218988418579,1.0,0.2625613212585448,0.1013854593038558
1498,0.6826671957969666,0.9994776248931884,0.1587607711553573,0.147735595703125,0.3756546676158905,0.5155746340751648,0.8303082585334778,0.8414649963378905,0.9271134734153748,1.0,0.2560467720031738,0.1110157445073127
1499,0.8164891600608826,1.0,0.1355950683355331,0.4531380534172057,0.8324053287506102,0.5630394816398621,0.77540522813797,0.9401297569274902,0.906069040298462,0.7901039123535155,0.126752883195877,0.0798253268003463
1500,0.7549837827682494,1.0,0.1714132577180862,0.7371177077293397,0.5376394391059875,0.1361601501703262,0.1647695004940032,0.3627012372016906,0.621131420135498,0.5609285831451416,0.0882791951298713,0.0679880604147911
1501,0.4889015853404999,0.7508761882781982,0.0705861896276474,0.4845016300678252,1.0,0.1587052792310714,0.0373121425509452,0.1164259165525436,0.4087405800819397,0.3859611749649048,0.0604917593300342,0.0284339543431997
1502,0.7708793878555299,0.802164852619171,0.0789820775389671,0.3939186334609985,1.0,0.2038768082857132,0.0534229762852191,0.25954270362854,0.8089079260826112,0.9155044555664062,0.2055563032627105,0.1019613519310951
1503,0.5050402879714966,0.3465116024017333,0.060995765030384,0.6369333267211914,1.0,0.1121474280953407,0.0361909009516239,0.2177060693502426,0.6449015140533447,0.749629020690918,0.1322593241930008,0.1343076080083847
1504,0.5416073203086853,0.1565295308828354,0.060146078467369,0.8500320911407471,1.0,0.0903443321585655,0.0340517126023769,0.137300431728363,0.4999018311500549,0.6232618689537048,0.1007415130734443,0.2840859591960907
1505,1.0,0.1862903088331222,0.0494826212525367,0.4320810437202453,0.4432736635208129,0.0771755948662757,0.065859816968441,0.2084484100341797,0.6889725923538208,0.6251821517944336,0.1235706359148025,0.474050909280777
2340,0.0222378559410572,0.0174985844641923,0.1382974833250045,1.0,0.6081257462501526,0.0362203456461429,0.017539145424962,0.0658675357699394,0.1788940131664276,0.1208521127700805,0.0179914273321628,0.015243774279952
2341,0.1440250277519226,0.2177775055170059,0.405735969543457,1.0,0.6451327800750732,0.1977723836898804,0.0858171954751014,0.0429697930812835,0.0551717951893806,0.0553315952420234,0.0478665977716445,0.0776940882205963
2342,0.1032195016741752,0.2076169997453689,0.4853755831718445,1.0,0.5752372741699219,0.2480151057243347,0.1074702963232994,0.0417290069162845,0.066473089158535,0.0426133796572685,0.0277466867119073,0.0370494052767753
2343,0.0952794402837753,0.2369285523891448,0.6323370933532715,1.0,0.588337779045105,0.3021913766860961,0.1264484822750091,0.0522620342671871,0.0962246507406234,0.1399474292993545,0.051502488553524,0.0412372052669525
2344,0.2967538833618164,0.5966690182685852,0.8933339118957518,1.0,0.8622006773948668,0.4939659237861633,0.2264823466539383,0.0997939109802246,0.2107905000448227,0.3084712624549866,0.11763596534729,0.0856935456395149
2345,0.2291447520256042,0.5359899401664734,0.8384411931037904,1.0,0.8422682285308838,0.5034361481666565,0.2389838397502899,0.115202210843563,0.2076684236526488,0.5136964917182921,0.2057014256715774,0.0858429744839668
2346,0.1443737000226974,0.3275468349456787,0.670501708984375,1.0,0.8131485581398009,0.3523350656032562,0.1592516452074051,0.0822507962584495,0.1321087628602981,0.2141003459692001,0.1216190233826637,0.0586445182561874
2347,0.1701750755310058,0.3868838548660278,0.731400966644287,1.0,0.7522807717323302,0.3380264639854431,0.1929028779268264,0.1112958937883377,0.1674633473157882,0.3377655148506164,0.1508801132440567,0.0614424049854278
2348,0.1620316803455352,0.3691958785057068,0.6558158993721008,1.0,0.5666412115097046,0.3185366690158844,0.2054406702518463,0.1784823536872863,0.1554876714944839,0.3892905414104461,0.1845398694276809,0.0649453103542327
2349,0.1901071518659592,0.4424664378166199,0.6627631187438965,1.0,0.723844826221466,0.3759452402591705,0.2174356877803802,0.1658299714326858,0.2037172168493271,0.5645037293434143,0.1691397875547409,0.071048118174076
2350,0.1154569834470748,0.3222235441207886,0.614924430847168,1.0,0.5500451922416687,0.2734653949737549,0.1442214995622635,0.0906174108386039,0.2358700782060623,0.7431363463401793,0.3245622813701629,0.0611031241714954
2351,0.1106839776039123,0.2684492170810699,0.50706684589386,1.0,0.6702116131782532,0.2104817479848861,0.1440079808235168,0.161988765001297,0.1105471700429916,0.3357515633106232,0.3807291686534881,0.0617626346647739
2352,0.1145379915833473,0.2424447238445281,0.5701387524604796,1.0,0.3655401468276977,0.1497920751571655,0.1253328919410705,0.1408571898937225,0.1944671720266342,0.6238952875137329,0.3473511338233948,0.0469123013317585
2353,0.0780737102031707,0.2143857181072235,0.5040052533149719,1.0,0.4487347900867462,0.1688886135816574,0.0859827026724815,0.0741718262434005,0.191597580909729,0.6422475576400757,0.2959104180335998,0.0442167855799198
2354,0.1569594889879226,0.3215298950672149,0.5528795719146729,1.0,0.7851259708404541,0.2380298227071762,0.1014938727021217,0.0725660547614097,0.1593891084194183,0.55006343126297,0.4219019114971161,0.0581865571439266
2355,0.2051764726638793,0.3809888362884521,0.5571314692497252,1.0,0.4575566053390503,0.1854965686798096,0.1084305569529533,0.1287256628274917,0.2754916250705719,0.6401869654655457,0.4475360512733459,0.0696615129709243
2356,0.1745749115943908,0.3061096966266632,0.563340425491333,1.0,0.5430331826210022,0.234555259346962,0.1539286524057388,0.1831312924623489,0.3793184161186217,0.9463815093040464,0.4135356545448303,0.065650887787342
2357,0.1562599688768386,0.6393712162971497,0.5402865409851073,1.0,0.8202232718467712,0.2116527110338211,0.0970690697431564,0.1433579623699188,0.3324660062789917,0.477879375219345,0.3163743317127228,0.0533174723386764
2358,0.2062658369541168,1.0,0.4906178116798401,0.6430587768554688,0.4523886144161224,0.150439977645874,0.1031739339232444,0.1537150889635086,0.4339195787906647,0.84056156873703,0.3483636975288391,0.0417148284614086
2359,0.2543671727180481,0.9405401945114136,0.4982410073280334,0.6548763513565063,0.8547780513763428,0.2264861613512039,0.0723857209086418,0.0949756056070327,0.3772963881492615,1.0,0.350325345993042,0.0482960306107997
2360,0.4058329164981841,1.0,0.4642076790332793,0.6438543200492859,0.4524394571781158,0.1566609591245651,0.0773841440677642,0.1717704832553863,0.3770138919353484,0.9551348090171812,0.3936944007873535,0.0650489181280136
2361,0.3496317565441131,1.0,0.6358222961425781,0.9552465677261353,0.5776606798171997,0.2110303044319152,0.2318451702594756,0.6112293004989624,0.5679765343666077,0.6858307719230652,0.6274723410606384,0.1125757321715354
2362,0.1971615850925445,0.6445765495300293,0.40139639377594,0.5887687206268312,0.4455716013908385,0.1310689747333526,0.104043386876583,0.2518512308597564,0.2237377315759658,0.6110484004020691,1.0,0.1104170009493827
2363,0.128050222992897,0.4413102865219116,0.2839795351028442,0.4681779444217681,0.4757880568504333,0.1320189386606216,0.0903399065136909,0.2273124903440475,0.2497780174016952,1.0,0.5883192420005798,0.0608878098428249
2364,0.3797058463096618,0.8146718740463258,0.3008568286895752,0.3928414285182953,1.0,0.3326544463634491,0.1203792169690132,0.3292363286018371,0.3973062038421631,0.8185363411903381,0.4588858783245087,0.0666738376021385
2365,0.1865334510803222,0.2876906394958496,0.278598815202713,0.4921968579292297,0.4269313216209412,0.1820167750120162,0.0702539533376693,0.1380679160356521,0.2548567056655884,1.0,0.5354886651039124,0.0669075399637222
2366,0.1758995056152343,0.2960817515850067,0.3109842240810394,0.8897461295127869,0.8339950442314149,0.2344487905502319,0.0902484655380249,0.2717300653457641,0.3784842789173126,0.9374591708183287,1.0,0.1963294893503188
2367,0.1773561537265777,0.2602827548980713,0.1931138038635253,0.4962405264377593,0.6801642179489136,0.2158268988132476,0.0527051351964473,0.1343535035848617,0.293242484331131,1.0,0.5173136591911316,0.2489503175020217
2368,0.1774718612432479,0.2643262445926666,0.105932205915451,0.354368269443512,1.0,0.2243828475475311,0.023673178628087,0.0703693330287933,0.1421177834272384,0.4172946214675903,0.3519829213619232,0.089503064751625
2369,0.1273137480020523,0.2779779434204101,0.1467981785535812,0.531318426132202,1.0,0.2101417034864425,0.0300654824823141,0.1108152419328689,0.2748776376247406,0.6813681721687317,0.5298107862472534,0.1725065112113952
2370,0.1627919524908065,0.3591298758983612,0.170140191912651,0.5933433175086975,1.0,0.189203605055809,0.047932643443346,0.1661415994167328,0.3280882835388183,0.7926853299140929,0.5315839648246765,0.217828169465065
2371,0.1405709683895111,0.2439004480838776,0.1513789296150207,0.5650584697723389,1.0,0.2216755151748656,0.0387611240148544,0.1164162084460258,0.3702335953712463,0.991629958152771,0.5322791934013367,0.1213671490550041
2372,0.2385162562131881,0.3463883399963379,0.161295011639595,0.4523011744022369,0.6840192079544067,0.1366312950849533,0.0413170121610164,0.177352949976921,0.3995805382728576,1.0,0.4749697744846344,0.0843380391597747
2373,0.3291087448596954,0.908828854560852,0.4377362728118896,1.0,0.9118897914886472,0.2204328328371048,0.0600159466266632,0.1921711564064025,0.5929036736488342,0.5957551598548889,0.2721095383167267,0.0439654029905796
2374,0.227618545293808,1.0,0.2731870412826538,0.4000053703784943,0.4090016484260559,0.1051485240459442,0.0313522182404994,0.1349816173315048,0.7324927449226379,0.6649582386016846,0.183152362704277,0.0248675625771284
2375,0.0713873654603958,0.256763368844986,0.0882861837744712,0.1760532557964324,0.4820800423622131,0.0985822156071662,0.0184290949255228,0.0917340070009231,0.3629987239837646,1.0,0.2287187576293945,0.0129119241610169
2376,0.0915892198681831,0.1703794598579406,0.0568477474153041,0.1117062717676162,0.4015497267246246,0.1001060456037521,0.0264313351362943,0.1301940232515335,0.2992202639579773,1.0,0.2451317459344864,0.0179787129163742
2377,0.3505844473838806,0.7112197875976562,0.1539118140935897,0.1378984153270721,0.3996391296386719,0.1219934225082397,0.0385048165917396,0.1424659192562103,0.5435883402824402,1.0,0.2939543724060058,0.0399599634110927
2378,0.4128599464893341,1.0,0.1888597905635833,0.2325350642204284,0.8306239843368529,0.2164084613323212,0.0307170040905475,0.180555522441864,0.5379834175109863,0.7050188183784485,0.2208296805620193,0.0467039719223976
2379,0.5604519248008728,0.7269099354743956,0.1161478087306022,0.1645170748233795,0.3864574730396271,0.113684706389904,0.0334504730999469,0.294206291437149,0.6088323593139648,1.0,0.1773423701524734,0.0563566051423549
2380,0.4207504391670227,0.4656647145748138,0.0854748785495758,0.1240472123026847,0.3266415596008301,0.0678567141294479,0.0217156466096639,0.1423191577196121,0.5307230353355408,1.0,0.1921016126871108,0.0575776733458042
2381,0.6404752135276793,0.5720025897026062,0.0641548633575439,0.1630587577819824,0.4630178809165954,0.0964572578668594,0.0268445517867803,0.3064062297344208,0.5802823305130005,1.0,0.2815260887145996,0.071458414196968
2382,0.5932542681694031,0.7784993052482606,0.087784357368946,0.1292968988418579,0.435825914144516,0.1042245030403137,0.0459848716855049,0.3992400169372559,1.0,0.8437915444374083,0.2962031066417694,0.0656211748719215
2383,0.5233058929443359,0.709287166595459,0.0773255079984664,0.2043202519416808,0.6532531976699829,0.1656714826822281,0.0399305038154125,0.2158260196447372,0.8311077952384948,1.0,0.220840111374855,0.038565307855606
2384,0.7295010089874268,1.0,0.1147734001278877,0.1003884375095367,0.3274578154087066,0.0642362087965011,0.029335007071495,0.3294335305690765,0.8809954524040222,0.6860104203224182,0.2117901593446731,0.0706513449549675
2385,0.7478906512260437,0.9170656204223632,0.099229022860527,0.0843062251806259,0.2697575986385345,0.0802426934242248,0.0327963009476661,0.3954164087772369,1.0,0.7868090271949768,0.2083474248647689,0.06337171792984
2386,0.5979496836662292,0.5951268076896667,0.0542925596237182,0.0817791074514388,0.3439106047153473,0.067552350461483,0.0332996919751167,0.119828812777996,0.426816314458847,1.0,0.2418862879276276,0.0703187584877014
2387,0.6967434287071228,0.9230993390083314,0.0870902016758918,0.1978533565998077,0.815885841846466,0.1561448127031326,0.0340995304286479,0.4327134191989898,1.0,0.6405218243598938,0.1356745064258575,0.0633313357830047
2388,0.1538140028715133,0.2463489323854446,0.0814437866210937,0.2507279515266418,1.0,0.2381612211465835,0.0681656822562217,0.2060898691415786,0.4976078271865845,0.6930404901504517,0.1807898581027985,0.0336499623954296
2389,0.337256759405136,0.4169450402259826,0.2497910410165786,0.3867649734020232,0.99049711227417,0.4901084899902344,0.2027127146720886,0.163522332906723,0.3130447566509247,1.0,0.2255189567804336,0.079659566283226
2390,0.2418670058250427,0.3499191403388977,0.1672652661800384,0.2380445003509521,0.6224315166473389,0.3570801913738251,0.1681696623563766,0.1853366047143936,0.3443887233734131,1.0,0.2064223438501358,0.0294981487095356
2391,0.5415707230567932,1.0,0.2563986182212829,0.1991663575172424,0.3242812752723694,0.2334478050470352,0.1292490065097808,0.1070777401328086,0.2934645414352417,0.9476173520088196,0.2905895113945007,0.0539125986397266
2392,0.428607553243637,0.5971348285675049,0.0612798370420932,0.0556731633841991,0.3136552572250366,0.0904848501086235,0.0624513886868953,0.0797745883464813,0.2876110672950744,1.0,0.2245562821626663,0.0578309446573257
2393,0.7438984513282775,0.7772145271301268,0.0627002120018005,0.1304979920387268,0.7982236742973327,0.1941677033901214,0.071634866297245,0.0990225002169609,0.3517553210258484,1.0,0.3103264570236206,0.1240528523921966
2394,0.4655272662639617,0.7383913993835449,0.0796205401420593,0.1129880100488662,0.6219888925552368,0.2250488847494125,0.2337646484375,0.1291614919900894,0.1997254937887192,1.0,0.3640888035297394,0.0543410368263721
2395,0.2326410710811614,0.5503998398780823,0.0569282919168472,0.0563764534890651,0.3624243140220641,0.1493729650974273,0.1388167291879654,0.1735622584819793,0.3601998388767242,1.0,0.2720818817615509,0.0599963814020156
2396,0.3381502330303192,0.6662247180938721,0.0764437094330787,0.0484490059316158,0.2284104377031326,0.1487445682287216,0.1168394163250923,0.3016298711299896,0.3236019611358642,1.0,0.3785966336727142,0.047378484159708
2397,0.5391887426376343,0.6285685300827025,0.0468124970793724,0.0910863429307937,0.4885488748550415,0.2918410003185272,0.3538520932197571,0.4211546182632446,0.3219671845436096,1.0,0.307098776102066,0.0667771473526954
2398,0.3223907947540283,0.4035931825637817,0.0579097382724285,0.1948286741971969,1.0,0.6861839890480042,0.7255246043205261,0.7987418174743651,0.5272343754768372,0.7966742515563965,0.2271021902561188,0.0371008142828941
2399,0.0748278573155403,0.1726383119821548,0.045514840632677,0.1913855075836181,0.4432011246681213,0.1369632482528686,0.0948027148842811,0.1681165099143982,0.3303188681602478,1.0,0.212495282292366,0.0320152565836906
2400,0.1291068196296692,0.2213493138551712,0.0326053649187088,0.2030536532402038,1.0,0.2859964072704315,0.0713114812970161,0.262145847082138,0.3478423655033111,0.8383834958076477,0.292283833026886,0.042803581804037
2401,0.1087478250265121,0.0968937203288078,0.0110291261225938,0.1979686319828033,0.5724769830703735,0.1049701943993568,0.0293780881911516,0.0844239890575409,0.1732641458511352,1.0,0.2566436231136322,0.0299297682940959
2402,0.0886422470211982,0.1139844581484794,0.0179662723094224,0.2595810890197753,0.66126811504364,0.1009822562336921,0.0337339416146278,0.1152475848793983,0.1918695420026779,1.0,0.2929205894470215,0.0228402763605117
2403,0.2379679679870605,0.1693843007087707,0.0119885010644793,0.0625108629465103,0.2971128225326538,0.0639266297221183,0.0210441071540117,0.0579758398234844,0.1610109359025955,1.0,0.2622637748718261,0.0303150322288274
2975,0.045061457902193,0.0731292814016342,0.1715035289525985,0.1987885385751724,0.1373811066150665,0.0897146910429,0.0522513650357723,0.0247514508664608,0.1632163226604461,1.0,0.315137654542923,0.0370570160448551
2976,0.1960653662681579,0.4289276301860809,0.8492395877838135,1.0,0.6955890059471129,0.4654648005962372,0.2106051295995712,0.0540743917226791,0.1514463722705841,0.9256334900856018,0.3200525641441344,0.1107577756047248
2977,0.1550870537757873,0.4009965062141417,0.6968216300010681,0.8090626001358032,0.6620821952819824,0.554241955280304,0.3433264493942261,0.0750138908624648,0.1912591457366943,1.0,0.2987245619297027,0.0591539777815341
2978,0.2647527456283569,0.6541649699211121,0.8651638031005859,1.0,0.7093083262443542,0.5908125042915344,0.5054095387458801,0.2548580765724182,0.361005425453186,0.8730297684669495,0.2990359365940093,0.067443199455738
2979,0.2368921786546707,0.7467284202575684,0.792788326740265,1.0,0.5365354418754578,0.4433763027191161,0.3572507798671722,0.1766056418418884,0.3285449147224426,0.6466001868247986,0.2212539911270141,0.0488919541239738
2980,0.393161416053772,1.0,0.677415668964386,0.7802985310554504,0.5631545782089232,0.465678721666336,0.3114207684993744,0.0743904039263725,0.0886188969016075,0.4607513844966888,0.2287052422761916,0.0588948912918567
2981,0.362334132194519,0.7379478216171264,0.7875211834907532,0.9765476584434508,0.6982434391975403,0.8106641173362733,1.0,0.1601273417472839,0.1849076002836227,0.628419816493988,0.2444884181022644,0.0644775032997131
2982,0.2146425545215606,0.656204342842102,0.5479131937026978,0.6019702553749084,0.4733146727085113,0.6784034371376038,1.0,0.1511411219835281,0.0837457403540611,0.6713865995407104,0.5266685485839844,0.0574229061603546
2983,0.1902510672807693,0.421308159828186,0.2938335537910461,0.3543526828289032,0.3678471148014068,0.3597014248371124,0.538969874382019,0.077110543847084,0.1802666187286376,1.0,0.4623692035675049,0.0362044684588909
2984,0.0842128247022628,0.2261160910129547,0.20499387383461,0.2566129267215729,0.1222212240099906,0.157766193151474,0.2747331857681274,0.0535589791834354,0.4524464011192322,1.0,0.2014808654785156,0.0170858912169933
2985,0.4066716134548187,1.0,0.3669178783893584,0.5031087398529053,0.2856306433677673,0.2081523239612579,0.2431369423866272,0.0670627430081367,0.1618816554546356,0.5078813433647156,0.2380988895893097,0.031800415366888
2986,0.2629373073577881,1.0,0.2660486698150635,0.3006295561790466,0.2395615875720977,0.1417793780565261,0.1253854781389236,0.0562496110796928,0.0941976234316825,0.5444213747978209,0.2172275781631469,0.0221526380628347
2987,0.2496312856674194,1.0,0.3057689070701599,0.3972635269165039,0.22821044921875,0.1424870640039444,0.1580679714679718,0.0479786060750484,0.0584916956722736,0.3818295300006865,0.1703075021505355,0.0220936834812164
2988,0.2218257784843444,0.7350136637687683,0.286809504032135,0.3453817665576935,0.2005908638238906,0.1776506602764129,0.3967017233371735,0.0955558121204376,0.1960035413503646,1.0,0.3802775144577026,0.0275091361254453
2989,0.2967790961265564,1.0,0.3974411487579345,0.5151957273483276,0.242647498846054,0.3619358241558074,0.8292290568351746,0.1108160093426704,0.1585005223751068,0.8408617973327636,0.2968951463699341,0.0239855330437421
2990,0.2944424450397491,0.9850295782089232,0.3623353242874145,0.410113513469696,0.2525763213634491,0.4068999886512756,1.0,0.1463092118501663,0.0842662006616592,0.3090558648109436,0.2268858551979064,0.0267018135637044
2991,0.0693063363432884,0.308430552482605,0.287984549999237,0.3667352199554443,0.1991710364818572,0.2931302487850188,1.0,0.1560733467340469,0.0818484425544738,0.2485808134078979,0.1702171862125396,0.0191703718155622
2992,0.0812751650810241,0.4722378849983215,0.2280264049768448,0.2421716898679732,0.125050351023674,0.1419665366411209,0.352778434753418,0.1046320050954818,0.3315772414207458,1.0,0.269977569580078,0.0185402613133192
2993,0.0954829677939414,0.4720935225486755,0.5120213031768799,0.7857672572135925,0.4738506376743316,0.4513478875160217,1.0,0.2345191091299056,0.2088492512702941,0.6228443384170532,0.2987570762634277,0.0372809842228889
2994,0.1289063841104507,0.5668032765388489,0.5032650232315063,0.719582736492157,0.4332501292228698,0.438609629869461,0.8955590724945068,0.2550339698791504,0.2186164110898971,1.0,0.5203980803489685,0.0530128963291645
2995,0.0696708634495735,0.2414818704128265,0.3045893609523772,0.3739919066429137,0.2368159443140029,0.3878575861454009,1.0,0.196528747677803,0.1245441809296608,0.5142630934715271,0.3395481407642364,0.0402450524270534
2996,0.0779454410076141,0.2557705044746399,0.4855648875236511,0.7823772430419923,0.3566417098045348,0.3731719553470612,0.9564090371131898,0.2309547513723373,0.2301769256591797,1.0,0.3757074475288391,0.0419451966881752
2997,0.0504393279552459,0.1187410652637481,0.151720568537712,0.2658567428588867,0.1885054409503936,0.1678883731365203,0.2919833064079284,0.0700290650129318,0.2378299236297607,1.0,0.3413510918617248,0.019338734447956
2998,0.0272270385175943,0.0625230818986892,0.1277858912944793,0.2044471651315688,0.1221843287348747,0.1135269999504089,0.1592379212379455,0.0539237670600414,0.23097924888134,1.0,0.4232909679412842,0.0202992316335439
2999,0.012307628057897,0.0310321804136037,0.095866210758686,0.2722691595554352,0.169630080461502,0.0565663278102874,0.0836783200502395,0.0592918209731578,0.2768805623054504,1.0,0.2342528849840164,0.0095552345737814
3000,0.0377221293747425,0.1086168214678764,0.3283129930496216,0.8990219235420227,0.4496867656707764,0.150443822145462,0.302211046218872,0.3109553754329681,0.4357067346572876,1.0,0.4859063923358916,0.0414162203669548
3001,0.0185346752405166,0.0493043363094329,0.2686745822429657,1.0,0.4048903882503509,0.091628074645996,0.09946358948946,0.1629648208618164,0.3875660300254822,0.550695538520813,0.2116097062826157,0.0250950083136558
3002,0.0251554436981678,0.0741873681545257,0.4362451434135437,0.7953638434410094,0.5044350624084473,0.1391136050224304,0.0870794728398323,0.418880134820938,1.0,0.9603021144866944,0.340757429599762,0.0365112014114856
3003,0.023784551769495,0.0705899149179458,0.2833524346351623,0.7790679931640626,0.6686115264892578,0.167038157582283,0.1172626912593841,0.2139983475208282,0.5901228785514832,1.0,0.3322225213050842,0.026743896305561
3004,0.0270882025361061,0.0992482975125312,0.2484530955553054,0.6604117155075073,0.3315376639366149,0.0878981873393058,0.0525904782116413,0.1651411950588226,0.5628419518470764,1.0,0.2523538768291473,0.0201403610408306
3005,0.0276624169200658,0.0820514410734176,0.1781324297189712,0.6879065632820128,0.397843450307846,0.1088951155543327,0.0515405982732772,0.1089119389653205,0.5580971837043761,1.0,0.2699771523475647,0.0196154527366161
3006,0.0266826674342155,0.0867285802960395,0.2339133024215698,0.9351744055747984,0.5557973980903625,0.0946428328752517,0.0447358638048172,0.1307592988014221,0.5592355132102966,1.0,0.307392418384552,0.0363129749894142
3007,0.0298450663685798,0.1445185840129852,0.1929651498794556,0.4936777353286743,0.2035413831472396,0.0721865072846412,0.1180925145745277,0.1040433198213577,0.2862520813941955,1.0,0.6800186634063721,0.09999331086874
3008,0.0560563839972019,0.2912795841693878,0.3369226157665252,0.7831049561500549,0.2770313024520874,0.1395491510629654,0.2469865679740905,0.0946486964821815,0.2120345532894134,1.0,0.5764886140823364,0.0812671110033989
3009,0.1035118848085403,0.5412989854812622,0.4115411639213561,1.0,0.244662508368492,0.0735344067215919,0.1141711547970771,0.0599153526127338,0.1492089480161667,0.868336021900177,0.5795406103134155,0.0456517934799194
3010,0.0232319347560405,0.0860395431518554,0.1515607088804244,0.6033474802970886,0.1982319205999374,0.0467574410140514,0.078653447329998,0.0285539701581001,0.1334753185510635,0.8363532423973083,1.0,0.0894364416599273
3011,0.046733770519495,0.1571261584758758,0.2192276120185852,0.6626335382461548,0.1503348499536514,0.0604705102741718,0.0689434632658958,0.0453492477536201,0.1249041259288787,0.8103097677230835,1.0,0.10761758685112
3012,0.0385879352688789,0.1112650707364082,0.146632969379425,0.4369030594825744,0.1405104547739029,0.034434400498867,0.0401715673506259,0.03314059227705,0.147338718175888,1.0,0.8505365252494813,0.0658444017171859
3013,0.0485778637230396,0.2020542174577712,0.3678310811519623,0.4492833018302917,0.1316464245319366,0.1114772483706474,0.1120502576231956,0.0282016471028327,0.1606021523475646,1.0,0.512061357498169,0.0435638278722763
3014,0.0480254366993904,0.1958241313695907,0.1935436725616455,0.2626235783100128,0.3240505754947662,0.1029626652598381,0.0484219416975975,0.0495593287050724,0.4156820476055144,1.0,0.3850077688694,0.0241195298731327
3015,0.0870697498321533,0.2528404593467712,0.1121846735477447,0.1791971176862716,0.2871442139148712,0.0656280294060707,0.0119695467874407,0.0310221128165721,0.2856716513633728,1.0,0.4377061724662781,0.038205612450838
3016,0.1286223232746124,0.4948402643203735,0.1785518527030944,0.366289347410202,1.0,0.207491785287857,0.0151089942082762,0.041289135813713,0.3196768164634704,0.9666401147842408,0.4088798463344573,0.0606201626360416
3017,0.0479464121162891,0.2175384759902954,0.0987354740500449,0.4951839447021484,1.0,0.1475013792514801,0.0136862341314554,0.0629773512482643,0.4597823917865752,0.776430070400238,0.3841038644313812,0.0285974107682704
3018,0.0833418443799018,0.2585207223892212,0.1037537455558776,0.537595808506012,1.0,0.1224695742130279,0.0143499299883842,0.0408394075930118,0.2755026817321777,0.9352537393569944,0.3971818089485168,0.024701913818717
3019,0.1137783378362655,0.22696453332901,0.0814160406589508,0.5283634662628174,1.0,0.1263571679592132,0.0162177681922912,0.0375337973237037,0.1961441040039062,0.7371383905410767,0.264838695526123,0.018539547920227
3020,0.2003260254859924,0.3444037139415741,0.0663096979260444,0.4404496550559997,1.0,0.1520961076021194,0.0090122558176517,0.022501491010189,0.1550460457801818,0.6966108083724976,0.270272433757782,0.0263246037065982
3021,0.0944407507777214,0.0665182471275329,0.0277413353323936,0.4825758934020996,1.0,0.1375197917222976,0.0127175906673073,0.0309745706617832,0.1410322934389114,0.7318634390830994,0.2289210706949234,0.0310250762850046
3022,0.175275057554245,0.1156926453113556,0.3439612686634064,1.0,0.5502021312713623,0.22998209297657,0.1098315939307212,0.0649218708276748,0.1267322450876236,0.6773955821990967,0.2194140404462814,0.0846903398633003
3023,0.211564153432846,0.135257065296173,0.6197617650032043,1.0,0.5110164880752563,0.4095700085163117,0.2405532151460647,0.1105351150035858,0.1679826229810714,0.778501808643341,0.2747463285923004,0.2162325382232666
3024,0.20386803150177,0.1592981666326522,0.5767403244972229,1.0,0.5379435420036316,0.4266493618488312,0.2737447619438171,0.2282739877700805,0.2036790698766708,0.7943618297576904,0.2939008176326752,0.2246423959732056
3025,0.0904484540224075,0.0576691068708896,0.2671628296375274,0.3345017731189728,0.1026823371648788,0.073372907936573,0.0736067220568656,0.1269776970148086,0.2255181074142456,1.0,0.3599707186222076,0.1669840514659881
3026,0.2033553272485732,0.0464479923248291,0.340538740158081,0.563285231590271,0.1281277984380722,0.0153793795034289,0.0384912528097629,0.1212132945656776,0.211706593632698,1.0,0.3522714674472809,0.2232918292284012
3027,0.2650316059589385,0.0655050724744796,0.3776048719882964,1.0,0.3281339406967163,0.0274306833744049,0.0442695803940296,0.1149124428629875,0.18311507999897,0.906577467918396,0.3028378784656524,0.1906863898038864
3028,0.164879024028778,0.0380965620279312,0.1487251222133636,0.361243337392807,0.138991504907608,0.0168484039604663,0.0653216317296028,0.1045462563633918,0.1956491768360137,1.0,0.332464724779129,0.2214591056108474
3029,0.1566986590623855,0.0662566795945167,0.0610629431903362,0.2129334509372711,0.1409058421850204,0.0225016251206398,0.0550351478159427,0.1286133676767349,0.1911150217056274,1.0,0.3248391449451446,0.1125886291265487
3030,0.3234826922416687,0.3044502139091492,0.0924660563468933,0.1253704875707626,0.0892252996563911,0.1024270206689834,0.1724439412355422,0.2249024510383605,0.2793405950069427,1.0,0.2985318303108215,0.0481728799641132
3031,0.247881606221199,0.444432646036148,0.1566490530967712,0.5257555842399597,0.597248911857605,0.2303644716739654,0.2898867428302765,0.3373334407806396,0.3448432087898254,1.0,0.2965626120567322,0.0246056355535984
3032,0.2234289646148681,0.4810096919536591,0.1037049740552902,0.1292697042226791,0.3045441508293152,0.1218298375606536,0.1409143805503845,0.1735431402921676,0.2730056941509247,1.0,0.3070658445358276,0.022331865504384
3033,0.1294951289892196,0.1553965508937835,0.0774668902158737,0.5754225254058838,1.0,0.1453010290861129,0.0236345641314983,0.0431422628462314,0.1373170912265777,0.5727441906929016,0.1786979734897613,0.0219404101371765
3034,0.2304545938968658,0.2670455574989319,0.1124018803238868,0.6977576017379761,1.0,0.1457958072423935,0.017366636544466,0.0322040729224681,0.0953422710299491,0.3867956697940826,0.1256594955921173,0.0280192364007234
3035,0.5835574269294739,0.5750588178634644,0.0854530110955238,0.3584776818752289,0.807239294052124,0.1456179022789001,0.0382442288100719,0.3622887134552001,0.5352857112884521,1.0,0.3517768979072571,0.0779825150966644
