,C,C#,D,D#,E,F,F#,G,G#,A,A#,B
678,0.0177738182246685,0.0702818259596824,0.0339680388569831,0.0178428273648023,0.0473814941942691,0.3563111424446105,1.0,0.8927152752876282,0.3024992346763611,0.0593985244631767,0.0116888601332902,0.0045314030721783
679,0.0246850550174713,0.0911939591169357,0.0579640716314315,0.0584094822406768,0.1219067126512527,0.5217707753181458,1.0,0.2796328067779541,0.0522752292454242,0.0225552786141634,0.0181433949619531,0.0056654312647879
680,0.0625105425715446,0.2528278827667236,0.063303105533123,0.0218995623290538,0.0817620605230331,0.5061747431755066,1.0,0.3645744621753692,0.133987084031105,0.0616259351372718,0.0237842742353677,0.0079344930127263
681,0.1126397028565406,0.5152764320373535,0.1027548909187316,0.0150269595906138,0.0522817000746727,0.4530715048313141,1.0,0.5344650149345398,0.1185096204280853,0.0667512640357017,0.0319163538515567,0.0108073446899652
682,0.047066856175661,0.1818136125802993,0.0561638809740543,0.012929294258356,0.0451169572770595,0.4198477566242217,1.0,0.6546494364738464,0.0997129753232002,0.0461007803678512,0.0195021368563175,0.0164511427283287
683,0.1725497543811798,0.5383042097091675,0.2186015546321869,0.0682287812232971,0.1161400228738784,0.4823461174964905,1.0,0.6026256084442139,0.1944974213838576,0.1541653573513031,0.0649388507008552,0.0634358525276184
684,0.3266960084438324,1.0,0.4693877100944519,0.1444244533777237,0.0841752365231514,0.1729785352945327,0.4187257587909697,0.2892715036869049,0.4807212948799133,0.2613556683063507,0.0812669023871421,0.1162141114473342
685,0.3673658668994904,1.0,0.4547694027423858,0.1521178632974624,0.1265129745006561,0.3274343609809875,0.7604554891586303,0.2955924868583679,0.7063136696815491,0.3384037315845489,0.0738832205533981,0.1071321740746498
686,0.195946529507637,0.4143534898757935,0.1452561318874359,0.0639610886573791,0.2842680811882019,0.9678687453269958,1.0,0.3584906756877899,0.1710618287324905,0.0790670216083526,0.0215622875839471,0.0483353100717067
687,0.685759961605072,0.5336620807647705,0.1491042971611022,0.0614524856209754,0.3075535893440246,1.0,0.6894082427024841,0.1809519827365875,0.0627016946673393,0.0536285378038883,0.0296297091990709,0.1642459332942962
688,0.7320390939712524,0.4816441237926483,0.3115235865116119,0.1836015731096268,0.2678170502185821,0.8086910247802734,1.0,0.4355910718441009,0.0918156579136848,0.0834526494145393,0.0529640652239322,0.1408718526363372
689,0.6553928852081299,0.548801600933075,0.1345570832490921,0.0364460758864879,0.1147815287113189,0.6701850295066833,1.0,0.4721766114234924,0.1556384861469268,0.1522690206766128,0.0507572032511234,0.1016448065638542
690,0.4847367703914642,1.0,0.441247820854187,0.1573787480592727,0.4328587651252746,0.7760455012321472,0.687583863735199,0.2505958676338196,0.5750925540924072,0.5158363580703735,0.111597791314125,0.0946977138519287
691,0.1100289151072502,0.2310999333858489,0.0934170633554458,0.1107575595378875,0.5862051248550415,1.0,0.5864360332489014,0.0671319887042045,0.048237569630146,0.095802716910839,0.0300925392657518,0.0368060693144798
692,0.0856392830610275,0.287031888961792,0.122016005218029,0.1267797797918319,0.6742908358573914,1.0,0.3846621811389923,0.0296617429703474,0.0271741058677434,0.0689946338534355,0.0192327313125133,0.0296612232923507
693,0.028966573998332,0.1143579185009002,0.1623646020889282,0.6156066060066223,1.0,0.7454277873039244,0.1372783035039901,0.0353934541344642,0.036537691950798,0.0323276072740554,0.0103545906022191,0.0163569264113903
694,0.1062042713165283,0.4387428164482116,1.0,0.7973577976226807,0.3221076428890228,0.0405809134244918,0.0329490564763546,0.0109198968857526,0.0230295117944478,0.0443448834121227,0.0131806330755352,0.0157902594655752
695,0.0873795226216316,0.4054162800312041,1.0,0.7093810439109801,0.2265727221965789,0.0203672982752323,0.0207309368997812,0.0070598204620182,0.0174556896090507,0.1243104338645935,0.0508294366300106,0.0124735804274678
696,0.0973723158240318,0.466347873210907,1.0,0.5523966550827025,0.1630638092756271,0.1087234616279602,0.0520693436264991,0.0248934309929609,0.0447536967694759,0.0875865519046783,0.0669003799557685,0.0293051954358816
697,0.1321022063493728,0.5663235187530518,0.3351698815822601,0.7816326618194579,1.0,0.6289651989936829,0.3469967544078827,0.2271649539470673,0.2007879465818405,0.1456837356090545,0.1057431548833847,0.0512474961578846
698,0.1419458091259002,0.6230436563491821,1.0,0.6595268249511719,0.2568897604942322,0.0791452154517173,0.0783859565854072,0.0634370744228363,0.0934663638472556,0.1028135642409324,0.0761489570140838,0.0466695576906204
699,0.0695999190211296,0.4867331981658936,1.0,0.891835868358612,0.4510907530784607,0.0751391872763633,0.0906221717596054,0.069984845817089,0.0732044205069542,0.0515991151332855,0.040874496102333,0.0176681913435459
700,0.0950349271297454,0.7343549132347107,1.0,0.3552680015563965,0.1166218593716621,0.0383143872022628,0.0745679587125778,0.047960340976715,0.0533124096691608,0.0505654029548168,0.0228682197630405,0.0146171199157834
701,0.4507007896900177,1.0,0.305233895778656,0.0917901322245597,0.0764786750078201,0.2249907106161117,0.3904086649417876,0.1792768239974975,0.1476138234138488,0.1461918652057647,0.1582476943731308,0.223736360669136
702,0.5512733459472656,1.0,0.3083434700965881,0.0321368351578712,0.070116713643074,0.2822844684123993,0.5585504174232483,0.1808961629867553,0.0912152081727981,0.1919240802526473,0.2075706124305724,0.3420040011405945
703,0.3338269293308258,1.0,0.4369248449802399,0.0418051816523075,0.041339449584484,0.1389332860708236,0.3743772208690643,0.1350162774324417,0.1573618799448013,0.1858322620391845,0.1346887499094009,0.1301062703132629
704,0.185241773724556,1.0,0.4970993101596832,0.0305900778621435,0.0180113762617111,0.076449766755104,0.1876329332590103,0.0697116553783416,0.1075252816081047,0.0700275599956512,0.0368709415197372,0.0140971485525369
705,0.1154721155762672,1.0,0.810560643672943,0.1636891812086105,0.0931469947099685,0.2572796642780304,0.5882639288902283,0.3795921802520752,0.1566087752580642,0.0878059342503547,0.0239008627831935,0.0128180049359798
706,0.0388228967785835,0.2591151297092438,0.1283538490533828,0.0187182798981666,0.0685356259346008,0.4968027770519256,1.0,0.5133247375488281,0.0978125035762786,0.052021887153387,0.0211815517395734,0.0092457579448819
707,0.1166917532682418,0.3691624999046325,0.129297986626625,0.0260537099093198,0.0559247285127639,0.4371264278888702,1.0,0.6401531100273132,0.3358465731143951,0.1603891253471374,0.0516733042895793,0.060782752931118
708,0.0620110146701335,0.3829922378063201,0.1379372775554656,0.015288102440536,0.0382603742182254,0.3893507719039917,1.0,0.5092261433601379,0.4197164177894592,0.2022862583398818,0.0517193377017974,0.0199563950300216
709,0.0795653909444809,0.4937803447246552,0.1893692761659622,0.0237583201378583,0.0637544095516204,0.3817077279090881,1.0,0.3330292701721191,0.2841483652591705,0.222700759768486,0.0565408989787101,0.0128674926236271
710,0.0595466569066047,0.3668769299983977,0.1433970630168914,0.0290365535765886,0.1186897903680801,0.3795531392097472,1.0,0.2746733129024505,0.4656604826450348,0.4447778761386871,0.127372071146965,0.0261126421391963
711,0.0912213250994682,0.4121318459510803,0.1561971604824066,0.0606724768877029,0.2338240444660186,0.3629990816116333,1.0,0.31467005610466,0.6985297203063965,0.7469293475151062,0.2165900468826293,0.0333388336002826
712,0.1175615414977073,0.4839723408222198,0.1835794895887375,0.0687392503023147,0.2478726506233215,0.4243456721305847,1.0,0.2544508576393127,0.3176600933074951,0.6294410824775696,0.2157029807567596,0.0350794605910778
713,0.2194654196500778,0.499475598335266,0.1539990603923797,0.0544498898088932,0.2095967233181,0.6453651785850525,1.0,0.6304044127464294,0.5588465929031372,0.6745278835296631,0.4164991974830627,0.2269378155469894
714,0.021327344700694,0.1211424395442008,0.0369497165083885,0.0104503817856311,0.0572298467159271,0.4134283065795897,1.0,0.4331699907779693,0.1140932142734527,0.1565642803907394,0.0674280822277069,0.0168913658708333
715,0.0259399376809597,0.1235667243599891,0.0482255779206752,0.0237026065587997,0.0194323603063821,0.2581692039966583,1.0,0.3916584253311156,0.2498706132173538,0.4264774322509765,0.1511061340570449,0.035482220351696
716,0.0265584737062454,0.0910673961043357,0.0288442876189947,0.0138215776532888,0.0373467355966568,0.3205306529998779,1.0,0.3662000000476836,0.4619507789611816,0.4945385754108429,0.140895277261734,0.0339413732290267
717,0.0297978054732084,0.1556964665651321,0.043597262352705,0.0147918481379747,0.0285530500113964,0.2509130239486694,1.0,0.3334587514400482,0.6110326647758484,0.5764197707176208,0.154179960489273,0.0187925081700086
718,0.0586836710572242,0.3639074265956879,0.1052723675966262,0.0328455418348312,0.1194357201457023,0.3146819472312927,1.0,0.3477640450000763,0.7115310430526732,0.7872977256774902,0.2789183259010315,0.0248569566756486
719,0.104396641254425,0.4954907596111297,0.1439502239227295,0.0505639649927616,0.2147720009088516,0.4032453596591949,1.0,0.30795618891716,0.3654561936855316,0.8828734159469603,0.326797604560852,0.0367945656180381
720,0.1421779543161392,0.5285636186599731,0.1584167331457138,0.0769538506865501,0.3315063416957855,0.4421132504940033,0.5971543192863464,0.200551837682724,0.3136713206768036,1.0,0.3009384274482727,0.0440722741186618
721,0.0983902215957641,0.4780916571617126,0.1533172726631164,0.0651934221386909,0.3200386464595794,0.5288528203964232,0.5011340975761414,0.1764588952064514,0.4649585783481597,1.0,0.2413073033094406,0.0312808193266391
722,0.0816821530461311,0.3578254282474518,0.0962420552968978,0.0355825461447238,0.3403539657592773,0.9304905533790588,1.0,0.264037162065506,0.1453488618135452,0.2063334584236144,0.0455924496054649,0.0210098512470722
723,0.1097654327750206,0.6281985640525818,0.2004809379577636,0.0246357936412096,0.0631577521562576,0.4098362624645232,1.0,0.6574673652648926,0.188274472951889,0.3560731112957001,0.0933814048767089,0.0493072085082531
724,0.1829150021076202,0.7632590532302856,0.233150228857994,0.0380413830280304,0.0758106186985969,0.4166965186595917,1.0,0.6907331943511963,0.439469426870346,0.5899140238761902,0.1581719666719436,0.1057749018073082
725,0.2288994789123535,0.8110530972480774,0.2556886672973633,0.062319453805685,0.1686348915100097,0.7937958836555482,1.0,0.5021153688430786,0.7173858880996704,0.8443048596382141,0.2310361117124557,0.1085446998476982
726,0.3741753399372101,1.0,0.4119156002998352,0.1497337371110916,0.316800057888031,0.7609204649925232,0.9663388133049012,0.5594285130500793,0.4223628044128417,0.8784810304641724,0.2909252643585204,0.1388103514909744
727,0.2245454490184784,0.4261795580387115,0.2145631611347198,0.0987629443407058,0.3210850059986114,0.6236347556114197,1.0,0.3608753979206084,0.1458780020475387,0.3597474694252014,0.1671925336122512,0.0986678451299667
728,0.4592853188514709,1.0,0.4730249047279357,0.1655713468790054,0.2591380476951599,0.2470051050186156,0.7214144468307494,0.2729626297950744,0.129637598991394,0.3498306572437286,0.1685206443071365,0.143136978149414
729,0.4280909597873688,1.0,0.451572686433792,0.132072702050209,0.1325383484363556,0.176921084523201,0.5105320811271667,0.1698093265295028,0.1201074570417404,0.3259935081005096,0.1634882241487503,0.1351199150085449
730,0.8037097454071045,1.0,0.3165896236896515,0.0934595838189124,0.1942978501319884,0.2844433486461639,0.3919027149677276,0.384184181690216,0.4639882445335388,0.5971087217330933,0.5661768913269042,0.598609983921051
731,0.1160460636019706,0.5237864851951599,0.1339831203222274,0.0428175255656242,0.1611999571323394,0.6033625602722168,1.0,0.6441051363945007,0.1288697719573974,0.1053078472614288,0.0866597294807434,0.0222143866121768
732,0.1398758441209793,0.765125036239624,0.2560751736164093,0.1048477441072464,0.1957624554634094,0.4685819447040558,1.0,0.5392855405807495,0.337405264377594,0.2766425311565399,0.6036949753761292,0.072055347263813
733,0.1711308360099792,1.0,0.2697688639163971,0.0802378728985786,0.1606524288654327,0.3866364359855652,0.7176241874694824,0.3224699795246124,0.4012332260608672,0.2450619488954544,0.3506792485713959,0.0450147204101085
734,0.1943948566913604,1.0,0.2117911279201507,0.0808135196566581,0.1815941035747528,0.3088568449020386,0.521564781665802,0.2039262652397156,0.3302603363990784,0.1986051946878432,0.1528839170932769,0.0334106236696243
735,0.1097393855452537,0.4809935688972472,0.1213117241859436,0.0696523189544677,0.2455658167600632,0.2889717817306518,1.0,0.24960058927536,0.1951697766780852,0.5065855383872986,0.6557311415672302,0.0612466149032115
736,0.0720644816756248,0.230824589729309,0.0543954409658908,0.0916336998343467,0.2343992441892624,0.3364446759223937,1.0,0.2574547231197356,0.1536621898412704,0.4782589673995972,0.3512910604476928,0.0408661216497421
737,0.0642014145851135,0.273780882358551,0.0550338178873062,0.0460081323981285,0.1811623573303222,0.3348558843135834,1.0,0.2644140422344208,0.2047581821680068,0.523676872253418,0.2741571962833404,0.0278088320046663
738,0.0698956176638603,0.2771455347537994,0.0551606193184852,0.0574802570044994,0.1633468717336654,0.2471732348203659,1.0,0.2853996753692627,0.2650906145572662,0.5288075804710388,0.2393954694271088,0.0375621803104877
739,0.1338806301355362,0.3610826432704925,0.1027769818902015,0.1058616861701011,0.1901326030492782,0.3430610001087188,1.0,0.3351102769374847,0.2695655822753906,0.3436278700828552,0.3618393838405608,0.0785549730062484
740,0.2655228078365325,1.0,0.2553583979606628,0.095880426466465,0.1558747738599777,0.391338586807251,0.7971376776695251,0.813710331916809,0.9818534255027772,0.7931873202323914,0.6451056599617004,0.1567619740962982
741,0.2356663942337036,1.0,0.2783442437648772,0.1067564412951469,0.1298238039016723,0.2594934701919556,0.5790539979934692,0.7251151800155639,0.7073255181312561,0.4170998632907867,0.3263246715068816,0.0867269113659858
742,0.2452248483896255,1.0,0.2191788852214812,0.0655734837055206,0.0957433134317398,0.3145302534103393,0.7156447172164917,0.5993775129318237,0.4192315340042113,0.2377806156873703,0.292826771736145,0.1010159999132156
743,0.3157855570316314,0.9384798407554624,0.2524280846118927,0.1042536050081253,0.1636329442262649,0.4588634669780731,1.0,0.961724579334259,0.8046604394912719,0.574042797088623,0.5381692051887512,0.3254503011703491
744,0.2912061214447021,1.0,0.2426862865686417,0.0810084417462349,0.1314515620470046,0.3166738748550415,0.6152575612068176,0.7312918901443481,0.8486557602882385,0.4076010286808013,0.2364682555198669,0.2427162528038025
745,0.2271108329296112,1.0,0.2031344324350356,0.0317300148308277,0.0442451126873493,0.0947017669677734,0.120345763862133,0.1192150339484214,0.1987695693969726,0.1084483787417411,0.1561876237392425,0.1253715604543686
2966,0.5843338966369629,0.3093594014644623,0.1628968119621276,0.6041039228439331,1.0,0.9169453382492064,0.5429787635803223,0.394448459148407,0.2052491158246994,0.1186694502830505,0.198330357670784,0.1663717627525329
2967,0.3939756453037261,0.5962017774581909,0.3396475911140441,0.3290710151195526,0.4969339370727539,0.6868330240249634,1.0,0.4718392491340636,0.2175666987895965,0.292551726102829,0.207783043384552,0.0654010027647018
2968,0.1679271012544632,0.4116600751876831,0.0828639790415763,0.0497604645788669,0.0648940503597259,0.3498571515083313,1.0,0.293821632862091,0.099080391228199,0.1100340709090232,0.0690234377980232,0.0243141930550336
2969,0.1068059280514717,0.1958167701959609,0.0402505062520504,0.0191069245338439,0.0248397551476955,0.344494879245758,1.0,0.2739431262016296,0.1153520345687866,0.1708238571882248,0.1147623732686042,0.0203428044915199
2970,0.0781341716647148,0.1358699053525924,0.036214243620634,0.0077173202298581,0.0123865064233541,0.2811408936977386,1.0,0.2552535235881805,0.1000670120120048,0.1503348052501678,0.0789757072925567,0.0134190339595079
2971,0.1382523626089096,0.4514628648757935,0.1369486153125762,0.0209322199225425,0.0260036569088697,0.2366765737533569,1.0,0.2979864478111267,0.1793249249458312,0.2895228266716003,0.0998275503516197,0.0275529045611619
2972,0.3229251205921172,1.0,0.2685467004776001,0.0280517656356096,0.0296223424375057,0.1930450052022933,0.6574216485023499,0.1549645960330963,0.1147582232952118,0.224852442741394,0.0730177462100982,0.0311680641025304
2973,0.2789452373981476,1.0,0.2604250907897948,0.073849581182003,0.0837698206305503,0.1326392590999603,0.2294442653656005,0.0788434743881225,0.1743708252906799,0.1878199279308319,0.0767956525087356,0.0320611037313938
2974,0.4275068938732147,0.9204547405242922,0.3087449967861175,0.0747612193226814,0.0408972650766372,0.3774908483028412,1.0,0.1873419433832168,0.1465311646461486,0.1500231027603149,0.124521367251873,0.0970619693398475
2975,0.2348636835813522,1.0,0.4293040037155151,0.1155754327774047,0.048265129327774,0.2061155885457992,0.6908640265464783,0.3787579536437988,0.4077496528625488,0.2510409951210021,0.1520356684923172,0.0416750907897949
2976,0.1405985653400421,0.2370905578136444,0.0859344378113746,0.0295486841350793,0.0449811145663261,0.399953693151474,1.0,0.5316375494003296,0.0578082725405693,0.0271720197051763,0.014288923703134,0.0374428443610668
2977,0.2041964828968048,0.2799466252326965,0.1276323199272155,0.0402445048093795,0.0571869164705276,0.3879747092723846,1.0,0.6482592821121216,0.1192550212144851,0.0491913259029388,0.0237602330744266,0.0555129721760749
2978,0.6082277894020081,1.0,0.44516322016716,0.1344830244779586,0.1767840385437011,0.6689932346343994,0.919349491596222,0.5357156395912169,0.1944727003574371,0.1808732002973556,0.1349615603685379,0.1770461648702621
2979,0.3996346592903136,1.0,0.3429205417633056,0.0707501471042633,0.2211817651987076,0.7318944334983826,0.6346051096916199,0.2157283425331116,0.0701660066843032,0.0654432773590087,0.0389429107308387,0.1189727932214736
2980,0.2653389573097229,1.0,0.338946670293808,0.0861302018165588,0.2120805829763412,0.2725235819816589,0.1840150356292725,0.0925725772976875,0.0804839730262756,0.0762216821312904,0.0324572846293449,0.0641675665974617
2981,0.2711012661457062,1.0,0.3194794654846191,0.075300246477127,0.0895037651062011,0.0815373659133911,0.1354768872261047,0.0657285079360008,0.0673331022262573,0.0753785818815231,0.0390276238322258,0.0569037906825542
2982,0.3070825636386871,1.0,0.9069907069206236,0.4319921135902405,0.1966664046049118,0.1248319670557975,0.3370624184608459,0.1742683947086334,0.3710183799266815,0.9537592530250548,0.3113524913787842,0.1129991710186004
2983,0.3877502083778381,1.0,0.733747363090515,0.1913655400276184,0.0372414551675319,0.0751310214400291,0.1722358018159866,0.1500077694654464,0.1387145966291427,0.3805907964706421,0.1235233545303344,0.1334180682897567
2984,0.1787548810243606,0.3223680853843689,0.5312614440917969,0.2644562721252441,0.1587177217006683,0.3564207553863525,1.0,0.9665853977203368,0.2995813786983489,0.2823935151100158,0.1419183760881424,0.1452009677886963
2985,0.3401347994804382,1.0,0.9612046480178832,0.409258246421814,0.0980460196733474,0.1875513941049576,0.5132903456687927,0.4100010395050049,0.0913387387990951,0.0981492176651954,0.0609901882708072,0.0934068113565444
2986,0.3908105492591857,1.0,0.9942529201507568,0.6063791513442993,0.1916033923625946,0.2408409118652344,0.7757971286773682,0.4215697348117828,0.145141452550888,0.1415611654520034,0.1008179560303688,0.1203833222389221
2987,0.2674260437488556,0.9261019825935364,1.0,0.3783748149871825,0.0707015916705131,0.0634504705667495,0.2099519819021224,0.0938994511961936,0.0390950217843055,0.0246694050729274,0.0197370890527963,0.0602619983255863
2988,0.2279314398765564,0.7975513339042662,1.0,0.6216755509376526,0.179724782705307,0.0597406066954135,0.0843678563833236,0.0393966026604175,0.0789016857743263,0.0444885082542896,0.0431826040148735,0.0481160394847393
2989,0.2492415308952331,0.826933741569519,1.0,0.7538510560989379,0.2724610865116119,0.1138834804296493,0.1925131678581237,0.1710465401411056,0.1595632582902908,0.1163823753595352,0.0629012063145637,0.0504277795553207
2990,0.2425494641065597,1.0,0.954472839832306,0.3026813268661499,0.0365432128310203,0.0420613102614879,0.1052957773208618,0.0786345079541206,0.0433272682130336,0.0308538489043712,0.0253277048468589,0.0340232402086257
2991,0.6609674692153931,1.0,0.3601796329021454,0.1041548699140548,0.0373330786824226,0.1292629241943359,0.3260118365287781,0.1607540398836136,0.0984328314661979,0.0949603989720344,0.1100273802876472,0.3150913715362549
2992,0.1568873524665832,0.2723150551319122,0.1539349257946014,0.0733523145318031,0.0418196022510528,0.3343640267848968,1.0,0.8091642260551453,0.184906244277954,0.0691623464226722,0.0586275123059749,0.1083491966128349
2993,0.2058566510677337,0.2528315782546997,0.0676685273647308,0.0298001412302255,0.086553581058979,0.3204777836799621,1.0,0.6371070742607117,0.1464653313159942,0.1752981394529342,0.1031617894768714,0.1346731185913086
2994,0.4311190247535705,1.0,0.519785463809967,0.1260325759649276,0.1674920320510864,0.2758451700210571,0.9974479079246522,0.4286317527294159,0.2669832408428192,0.4861422777175903,0.2145258039236068,0.1932874172925948
2995,0.361161321401596,1.0,0.4011943936347961,0.094066061079502,0.1180413141846656,0.148733913898468,0.5873485207557678,0.1426304876804351,0.1323638260364532,0.3687982559204101,0.1625795066356659,0.0834617838263511
2996,0.1170418113470077,0.4889110028743744,0.213542640209198,0.0385060682892799,0.09907828271389,0.2974441051483154,1.0,0.2687621414661407,0.30327108502388,0.5781242251396179,0.1489150524139404,0.0666167065501213
2997,0.109343983232975,0.4750351607799529,0.2048050612211227,0.0343069918453693,0.0781674087047576,0.2519243955612182,1.0,0.3120923936367035,0.4387946128845215,0.7872117161750793,0.21710205078125,0.0455522201955318
2998,0.1427812874317169,0.4802393019199371,0.2294848412275314,0.0688972771167755,0.1909323334693908,0.2734792828559875,1.0,0.2948372960090636,0.4049805402755737,0.8126928806304932,0.2192056328058242,0.0602260120213031
2999,0.1931611001491546,0.6148719787597656,0.2297793328762054,0.0838816091418266,0.1618911474943161,0.2234662920236587,0.9643206596374512,0.3008525371551513,0.4704579710960388,1.0,0.2776730954647064,0.1014615893363952
3000,0.4662044942378998,0.9673913121223447,1.0,0.8494065403938292,0.4903996884822845,0.3143175840377808,0.8027661442756653,0.3032795786857605,0.279182106256485,0.73857444524765,0.2867033779621124,0.1614306569099426
3001,0.2808411121368408,1.0,0.8507121205329894,0.706958532333374,0.7113540172576904,0.6936250329017639,0.7390606999397277,0.2400190979242324,0.2582868039608001,0.6195279955863953,0.2935667037963867,0.1460795849561691
3002,0.2227000743150711,1.0,0.4426081478595733,0.0794782787561416,0.0838917717337608,0.2133263945579528,0.4889959394931792,0.1489982455968856,0.1058402583003044,0.4389828443527221,0.1761271804571151,0.0722532793879509
3003,0.1963521987199783,1.0,0.4424611330032348,0.0675483867526054,0.123749628663063,0.13875512778759,0.3386929035186767,0.1275364905595779,0.3791422545909881,0.9367808699607848,0.295371413230896,0.0945190712809562
3004,0.2007738202810287,1.0,0.4283011853694916,0.0374972112476825,0.0400879643857479,0.0806502029299736,0.2779037952423096,0.1370588093996048,0.7140703201293945,0.8758248090744017,0.2245210558176041,0.0532601661980152
3005,0.2381506562232971,1.0,0.4135271608829498,0.0535368286073207,0.0550361089408397,0.0412032529711723,0.1098649650812149,0.0909518674015998,0.5121206641197205,0.6145704388618469,0.1591904461383819,0.049245823174715
3006,0.220103457570076,1.0,0.455209195613861,0.0555038787424564,0.1282769441604614,0.1283868104219436,0.1348044723272323,0.0948012247681617,0.4301618039608001,0.397376149892807,0.1162461414933204,0.0393281951546668
3007,0.2319512069225311,1.0,0.4228053390979767,0.0510041005909442,0.1261049211025238,0.1691699624061584,0.2540173232555389,0.1410932093858719,0.6793419122695923,0.4314121603965759,0.1263939142227172,0.03705994784832
3008,0.1781464964151382,0.6120063662528992,0.2258572578430176,0.0341045446693897,0.0695866495370864,0.1478920578956604,0.208700805902481,0.1259467750787734,1.0,0.5212998390197754,0.093597263097763,0.0241316445171833
3009,0.1644476652145385,0.5741684436798096,0.2878817617893219,0.0848847478628158,0.105830542743206,0.3517509400844573,0.7325506806373597,0.4590306580066681,1.0,0.7922452688217163,0.2423905581235885,0.0496471114456653
3010,0.1576349884271621,0.8328062295913696,0.3932745754718781,0.0670868754386901,0.1032857596874237,0.3430827856063843,0.806610882282257,0.6590765714645386,1.0,0.6952387094497681,0.1717220991849899,0.0259769167751073
3011,0.2056958228349685,1.0,0.4406564235687256,0.0545109175145626,0.088830292224884,0.2531236708164215,0.6293703317642212,0.7023884057998657,0.9346050024032592,0.7521896362304686,0.2309282422065735,0.0273040477186441
3012,0.176052987575531,1.0,0.4770896434783936,0.0419978238642215,0.0521954707801342,0.2199071049690246,0.6141372323036194,0.450403332710266,0.4121232926845551,0.4434501230716705,0.1623328179121017,0.0226407758891582
3013,0.192743107676506,1.0,0.4243637621402741,0.0364759713411331,0.0451441556215286,0.1014119088649749,0.34292072057724,0.2316967844963073,0.2583963871002196,0.4948846101760864,0.1729860752820968,0.0270098894834518
3014,0.1795759052038192,1.0,0.3912814855575561,0.04377081990242,0.0971924066543579,0.2054747939109802,0.3786627352237701,0.1536250412464141,0.2727896869182586,0.5991631746292113,0.1608005762100219,0.0187983941286802
3015,0.1847273707389831,1.0,0.3916073143482208,0.0501794107258319,0.0367256067693233,0.0618794597685337,0.2004459798336028,0.0917568802833557,0.1335551291704177,0.4676001965999603,0.1244422942399978,0.0117384996265172
3016,0.1899247914552688,1.0,0.4869121611118316,0.0535702295601368,0.0179143138229846,0.0605204589664936,0.2406625747680664,0.0947497636079788,0.1639522016048431,0.6401298642158508,0.1450084745883941,0.0110276890918612
3017,0.1160110607743263,0.4640091359615325,0.2299257814884185,0.1116223335266113,0.2157628834247588,0.644864559173584,1.0,0.5875318050384521,0.65500408411026,0.857093334197998,0.3387220501899719,0.0974912717938423
3018,0.0335182771086692,0.0809977650642395,0.0563586242496967,0.0576214082539081,0.102622851729393,0.5497025847434998,1.0,0.3954202830791473,0.1343917995691299,0.4177115857601166,0.1352491527795791,0.0288422852754592
3019,0.0962946414947509,0.3227226138114928,0.1645366996526718,0.1018629372119903,0.0941817238926887,0.3185070157051086,1.0,0.6339731216430664,0.3956276476383208,0.8803275227546691,0.1989193856716156,0.0770408064126968
3020,0.0495004914700984,0.3363711535930633,0.1415072232484817,0.0671131238341331,0.1162507683038711,0.3936052918434143,1.0,0.4870336651802063,0.5828276872634888,0.9130446314811704,0.2890027165412903,0.0468637347221374
3021,0.0426703542470932,0.2566314041614532,0.0873718932271003,0.0506113283336162,0.1231809109449386,0.2927150726318359,0.5184115767478943,0.2453263252973556,0.4976187944412232,1.0,0.3202669620513916,0.0305902082473039
3022,0.0316141918301582,0.1352036148309707,0.0471324436366558,0.0353286825120449,0.0864282622933387,0.2274096310138702,0.3645967841148376,0.1350900828838348,0.3399589955806732,1.0,0.2664359211921692,0.0248568393290042
3023,0.047159057110548,0.264770209789276,0.0742431282997131,0.0362231582403183,0.0976780280470848,0.220093548297882,0.2635475993156432,0.0887335091829299,0.3827617466449737,1.0,0.2114078998565673,0.0206156354397535
3024,0.0336565785109996,0.1839030683040619,0.0553626753389835,0.0147570744156837,0.035133209079504,0.1778538078069687,0.2262880951166152,0.0953853800892829,0.2885560989379883,1.0,0.2666966021060944,0.0098140714690089
3025,0.0400702692568302,0.250099629163742,0.0734435692429542,0.0160332880914211,0.0380835868418216,0.217597410082817,0.4168854951858521,0.1471190750598907,0.512461483478546,1.0,0.2153945267200469,0.0062928940169513
3026,0.0152990417554974,0.0388792529702186,0.0156067069619894,0.0222280342131853,0.2858393788337707,0.8617607355117798,1.0,0.295507937669754,0.0828772559762,0.0890739262104034,0.0290838163346052,0.0084322290495038
3027,0.1388655304908752,0.236154705286026,0.1110046058893203,0.0845983400940895,0.2568798661231994,0.7283190488815308,1.0,0.482480525970459,0.1526567786931991,0.1181439086794853,0.0600184835493564,0.0467567518353462
3028,0.390764981508255,1.0,0.5663959383964539,0.3964909315109253,0.4100176393985748,0.6303326487541199,0.7361854910850526,0.3925178945064544,0.3269858956336975,0.1483329832553863,0.0826954022049903,0.1377623379230499
3029,0.319289892911911,1.0,0.4276327192783356,0.2325559109449386,0.2960834205150604,0.6536746025085449,0.6174473166465759,0.2460462301969528,0.3457460701465606,0.5384176969528198,0.2765728235244751,0.1698055267333984
3030,0.5011767148971558,0.5371001362800598,0.2451599985361099,0.262619137763977,0.1826948672533035,0.347981184720993,0.4328221976757049,0.2580806910991668,0.6363075375556946,1.0,0.2986672520637512,0.1992262899875641
3031,0.5502631664276123,0.7107834815979004,0.2689181566238404,0.407923936843872,0.2020754814147948,0.5217248797416687,0.660605788230896,0.2877953946590423,0.6431355476379395,1.0,0.5525188446044922,0.7551710605621338
